t dd no-dd
1.000000000000000000e+00 1.453596878051757812e+01 1.497592639923095703e+01
1.000000000000000000e+00 1.453596878051757812e+01 1.497592639923095703e+01
1.000000000000000000e+00 1.453596878051757812e+01 1.497592639923095703e+01
1.000000000000000000e+00 1.453596878051757812e+01 1.497592639923095703e+01
1.000000000000000000e+00 1.453596878051757812e+01 1.497592639923095703e+01
1.000000000000000000e+00 1.453596878051757812e+01 1.497592639923095703e+01
1.000000000000000000e+00 1.453596878051757812e+01 1.497592639923095703e+01
1.000000000000000000e+00 1.453596878051757812e+01 1.497592639923095703e+01
1.000000000000000000e+00 1.453596878051757812e+01 1.497592639923095703e+01
1.000000000000000000e+00 1.453596878051757812e+01 1.497592639923095703e+01
1.000000000000000000e+00 1.453596878051757812e+01 1.497592639923095703e+01
1.000000000000000000e+00 1.453596878051757812e+01 1.497592639923095703e+01
1.000000000000000000e+00 1.453596878051757812e+01 1.497592639923095703e+01
1.000000000000000000e+00 1.453596878051757812e+01 1.497592639923095703e+01
1.000000000000000000e+00 1.453596878051757812e+01 1.497592639923095703e+01
1.000000000000000000e+00 1.453596878051757812e+01 1.497592639923095703e+01
1.000000000000000000e+00 1.453596878051757812e+01 1.497592639923095703e+01
1.000000000000000000e+00 1.453596878051757812e+01 1.497592639923095703e+01
1.000000000000000000e+00 1.453596878051757812e+01 1.497592639923095703e+01
1.000000000000000000e+00 1.453596878051757812e+01 1.497592639923095703e+01
1.000000000000000000e+00 1.453596878051757812e+01 1.497592639923095703e+01
1.000000000000000000e+00 1.453596878051757812e+01 1.497592639923095703e+01
1.000000000000000000e+00 1.453596878051757812e+01 1.497592639923095703e+01
1.000000000000000000e+00 1.453596878051757812e+01 1.497592639923095703e+01
1.000000000000000000e+00 1.453596878051757812e+01 1.497592639923095703e+01
1.000000000000000000e+00 1.453596878051757812e+01 1.497592639923095703e+01
1.000000000000000000e+00 1.453596878051757812e+01 1.497592639923095703e+01
1.000000000000000000e+00 1.453596878051757812e+01 1.497592639923095703e+01
1.000000000000000000e+00 1.453596878051757812e+01 1.497592639923095703e+01
1.000000000000000000e+00 1.453596878051757812e+01 1.497592639923095703e+01
1.000000000000000000e+00 1.453596878051757812e+01 1.497592639923095703e+01
1.000000000000000000e+00 1.453596878051757812e+01 1.497592639923095703e+01
1.000000000000000000e+00 1.453596878051757812e+01 1.497592639923095703e+01
1.000000000000000000e+00 1.453596878051757812e+01 1.497592639923095703e+01
1.000000000000000000e+00 1.453596878051757812e+01 1.497592639923095703e+01
1.000000000000000000e+00 1.453596878051757812e+01 1.497592639923095703e+01
1.000000000000000000e+00 1.453596878051757812e+01 1.497592639923095703e+01
1.000000000000000000e+00 1.453596878051757812e+01 1.497592639923095703e+01
1.000000000000000000e+00 1.453596878051757812e+01 1.497592639923095703e+01
1.000000000000000000e+00 1.453596878051757812e+01 1.497592639923095703e+01
1.000000000000000000e+00 1.453596878051757812e+01 1.497592639923095703e+01
1.000000000000000000e+00 1.453596878051757812e+01 1.497592639923095703e+01
1.000000000000000000e+00 1.453596878051757812e+01 1.497592639923095703e+01
1.000000000000000000e+00 1.453596878051757812e+01 1.497592639923095703e+01
1.000000000000000000e+00 1.453596878051757812e+01 1.497592639923095703e+01
2.000000000000000000e+00 1.159823703765869141e+01 1.401949501037597656e+01
2.000000000000000000e+00 1.159823703765869141e+01 1.401949501037597656e+01
2.000000000000000000e+00 1.159823703765869141e+01 1.401949501037597656e+01
2.000000000000000000e+00 1.159823703765869141e+01 1.401949501037597656e+01
2.000000000000000000e+00 1.159823703765869141e+01 1.401949501037597656e+01
2.000000000000000000e+00 1.159823703765869141e+01 1.401949501037597656e+01
2.000000000000000000e+00 1.159823703765869141e+01 1.401949501037597656e+01
2.000000000000000000e+00 1.159823703765869141e+01 1.401949501037597656e+01
2.000000000000000000e+00 1.159823703765869141e+01 1.401949501037597656e+01
2.000000000000000000e+00 1.159823703765869141e+01 1.401949501037597656e+01
2.000000000000000000e+00 1.159823703765869141e+01 1.401949501037597656e+01
2.000000000000000000e+00 1.159823703765869141e+01 1.401949501037597656e+01
2.000000000000000000e+00 1.159823703765869141e+01 1.401949501037597656e+01
2.000000000000000000e+00 1.159823703765869141e+01 1.401949501037597656e+01
2.000000000000000000e+00 1.159823703765869141e+01 1.401949501037597656e+01
2.000000000000000000e+00 1.159823703765869141e+01 1.401949501037597656e+01
2.000000000000000000e+00 1.159823703765869141e+01 1.401949501037597656e+01
2.000000000000000000e+00 1.159823703765869141e+01 1.401949501037597656e+01
2.000000000000000000e+00 1.159823703765869141e+01 1.401949501037597656e+01
2.000000000000000000e+00 1.159823703765869141e+01 1.401949501037597656e+01
2.000000000000000000e+00 1.159823703765869141e+01 1.401949501037597656e+01
2.000000000000000000e+00 1.159823703765869141e+01 1.401949501037597656e+01
2.000000000000000000e+00 1.159823703765869141e+01 1.401949501037597656e+01
2.000000000000000000e+00 1.159823703765869141e+01 1.401949501037597656e+01
2.000000000000000000e+00 1.159823703765869141e+01 1.401949501037597656e+01
2.000000000000000000e+00 1.159823703765869141e+01 1.401949501037597656e+01
3.000000000000000000e+00 9.012487411499023438e+00 1.314870071411132812e+01
3.000000000000000000e+00 9.012487411499023438e+00 1.314870071411132812e+01
3.000000000000000000e+00 9.012487411499023438e+00 1.314870071411132812e+01
3.000000000000000000e+00 9.012487411499023438e+00 1.314870071411132812e+01
3.000000000000000000e+00 9.012487411499023438e+00 1.314870071411132812e+01
3.000000000000000000e+00 9.012487411499023438e+00 1.314870071411132812e+01
3.000000000000000000e+00 9.012487411499023438e+00 1.314870071411132812e+01
3.000000000000000000e+00 9.012487411499023438e+00 1.314870071411132812e+01
3.000000000000000000e+00 9.012487411499023438e+00 1.314870071411132812e+01
3.000000000000000000e+00 9.012487411499023438e+00 1.314870071411132812e+01
3.000000000000000000e+00 9.012487411499023438e+00 1.314870071411132812e+01
3.000000000000000000e+00 9.012487411499023438e+00 1.314870071411132812e+01
3.000000000000000000e+00 9.012487411499023438e+00 1.314870071411132812e+01
3.000000000000000000e+00 9.012487411499023438e+00 1.314870071411132812e+01
3.000000000000000000e+00 9.012487411499023438e+00 1.314870071411132812e+01
3.000000000000000000e+00 9.012487411499023438e+00 1.314870071411132812e+01
3.000000000000000000e+00 9.012487411499023438e+00 1.314870071411132812e+01
3.000000000000000000e+00 9.012487411499023438e+00 1.314870071411132812e+01
3.000000000000000000e+00 9.012487411499023438e+00 1.314870071411132812e+01
4.000000000000000000e+00 8.141271591186523438e+00 1.238788795471191406e+01
4.000000000000000000e+00 8.141271591186523438e+00 1.238788795471191406e+01
4.000000000000000000e+00 8.141271591186523438e+00 1.238788795471191406e+01
4.000000000000000000e+00 8.141271591186523438e+00 1.238788795471191406e+01
4.000000000000000000e+00 8.141271591186523438e+00 1.238788795471191406e+01
4.000000000000000000e+00 8.141271591186523438e+00 1.238788795471191406e+01
4.000000000000000000e+00 8.141271591186523438e+00 1.238788795471191406e+01
4.000000000000000000e+00 8.141271591186523438e+00 1.238788795471191406e+01
4.000000000000000000e+00 8.141271591186523438e+00 1.238788795471191406e+01
4.000000000000000000e+00 8.141271591186523438e+00 1.238788795471191406e+01
4.000000000000000000e+00 8.141271591186523438e+00 1.238788795471191406e+01
4.000000000000000000e+00 8.141271591186523438e+00 1.238788795471191406e+01
4.000000000000000000e+00 8.141271591186523438e+00 1.238788795471191406e+01
4.000000000000000000e+00 8.141271591186523438e+00 1.238788795471191406e+01
5.000000000000000000e+00 7.562795639038085938e+00 1.173308849334716797e+01
5.000000000000000000e+00 7.562795639038085938e+00 1.173308849334716797e+01
5.000000000000000000e+00 7.562795639038085938e+00 1.173308849334716797e+01
5.000000000000000000e+00 7.562795639038085938e+00 1.173308849334716797e+01
5.000000000000000000e+00 7.562795639038085938e+00 1.173308849334716797e+01
5.000000000000000000e+00 7.562795639038085938e+00 1.173308849334716797e+01
5.000000000000000000e+00 7.562795639038085938e+00 1.173308849334716797e+01
5.000000000000000000e+00 7.562795639038085938e+00 1.173308849334716797e+01
5.000000000000000000e+00 7.562795639038085938e+00 1.173308849334716797e+01
5.000000000000000000e+00 7.562795639038085938e+00 1.173308849334716797e+01
5.000000000000000000e+00 7.562795639038085938e+00 1.173308849334716797e+01
5.000000000000000000e+00 7.562795639038085938e+00 1.173308849334716797e+01
6.000000000000000000e+00 7.364192962646484375e+00 1.116018199920654297e+01
6.000000000000000000e+00 7.364192962646484375e+00 1.116018199920654297e+01
6.000000000000000000e+00 7.364192962646484375e+00 1.116018199920654297e+01
6.000000000000000000e+00 7.364192962646484375e+00 1.116018199920654297e+01
6.000000000000000000e+00 7.364192962646484375e+00 1.116018199920654297e+01
6.000000000000000000e+00 7.364192962646484375e+00 1.116018199920654297e+01
6.000000000000000000e+00 7.364192962646484375e+00 1.116018199920654297e+01
6.000000000000000000e+00 7.364192962646484375e+00 1.116018199920654297e+01
6.000000000000000000e+00 7.364192962646484375e+00 1.116018199920654297e+01
6.000000000000000000e+00 7.364192962646484375e+00 1.116018199920654297e+01
7.000000000000000000e+00 7.085836887359619141e+00 1.065865993499755859e+01
7.000000000000000000e+00 7.085836887359619141e+00 1.065865993499755859e+01
7.000000000000000000e+00 7.085836887359619141e+00 1.065865993499755859e+01
7.000000000000000000e+00 7.085836887359619141e+00 1.065865993499755859e+01
7.000000000000000000e+00 7.085836887359619141e+00 1.065865993499755859e+01
7.000000000000000000e+00 7.085836887359619141e+00 1.065865993499755859e+01
7.000000000000000000e+00 7.085836887359619141e+00 1.065865993499755859e+01
7.000000000000000000e+00 7.085836887359619141e+00 1.065865993499755859e+01
7.000000000000000000e+00 7.085836887359619141e+00 1.065865993499755859e+01
8.000000000000000000e+00 7.049571990966796875e+00 1.021807765960693359e+01
8.000000000000000000e+00 7.049571990966796875e+00 1.021807765960693359e+01
8.000000000000000000e+00 7.049571990966796875e+00 1.021807765960693359e+01
8.000000000000000000e+00 7.049571990966796875e+00 1.021807765960693359e+01
8.000000000000000000e+00 7.049571990966796875e+00 1.021807765960693359e+01
8.000000000000000000e+00 7.049571990966796875e+00 1.021807765960693359e+01
8.000000000000000000e+00 7.049571990966796875e+00 1.021807765960693359e+01
9.000000000000000000e+00 6.792995452880859375e+00 9.831759452819824219e+00
9.000000000000000000e+00 6.792995452880859375e+00 9.831759452819824219e+00
9.000000000000000000e+00 6.792995452880859375e+00 9.831759452819824219e+00
9.000000000000000000e+00 6.792995452880859375e+00 9.831759452819824219e+00
9.000000000000000000e+00 6.792995452880859375e+00 9.831759452819824219e+00
9.000000000000000000e+00 6.792995452880859375e+00 9.831759452819824219e+00
9.000000000000000000e+00 6.792995452880859375e+00 9.831759452819824219e+00
1.000000000000000000e+01 6.882886886596679688e+00 9.489810943603515625e+00
1.000000000000000000e+01 6.882886886596679688e+00 9.489810943603515625e+00
1.000000000000000000e+01 6.882886886596679688e+00 9.489810943603515625e+00
1.000000000000000000e+01 6.882886886596679688e+00 9.489810943603515625e+00
1.000000000000000000e+01 6.882886886596679688e+00 9.489810943603515625e+00
1.000000000000000000e+01 6.882886886596679688e+00 9.489810943603515625e+00
1.100000000000000000e+01 6.578791618347167969e+00 9.196810722351074219e+00
1.100000000000000000e+01 6.578791618347167969e+00 9.196810722351074219e+00
1.100000000000000000e+01 6.578791618347167969e+00 9.196810722351074219e+00
1.100000000000000000e+01 6.578791618347167969e+00 9.196810722351074219e+00
1.100000000000000000e+01 6.578791618347167969e+00 9.196810722351074219e+00
1.100000000000000000e+01 6.578791618347167969e+00 9.196810722351074219e+00
1.200000000000000000e+01 6.828436374664306641e+00 8.935208320617675781e+00
1.200000000000000000e+01 6.828436374664306641e+00 8.935208320617675781e+00
1.200000000000000000e+01 6.828436374664306641e+00 8.935208320617675781e+00
1.200000000000000000e+01 6.828436374664306641e+00 8.935208320617675781e+00
1.200000000000000000e+01 6.828436374664306641e+00 8.935208320617675781e+00
1.300000000000000000e+01 6.438264369964599609e+00 8.702281951904296875e+00
1.300000000000000000e+01 6.438264369964599609e+00 8.702281951904296875e+00
1.300000000000000000e+01 6.438264369964599609e+00 8.702281951904296875e+00
1.300000000000000000e+01 6.438264369964599609e+00 8.702281951904296875e+00
1.300000000000000000e+01 6.438264369964599609e+00 8.702281951904296875e+00
1.400000000000000000e+01 7.087685108184814453e+00 8.496596336364746094e+00
1.400000000000000000e+01 7.087685108184814453e+00 8.496596336364746094e+00
1.400000000000000000e+01 7.087685108184814453e+00 8.496596336364746094e+00
1.400000000000000000e+01 7.087685108184814453e+00 8.496596336364746094e+00
1.500000000000000000e+01 6.461380004882812500e+00 8.330282211303710938e+00
1.500000000000000000e+01 6.461380004882812500e+00 8.330282211303710938e+00
1.500000000000000000e+01 6.461380004882812500e+00 8.330282211303710938e+00
1.500000000000000000e+01 6.461380004882812500e+00 8.330282211303710938e+00
1.500000000000000000e+01 6.461380004882812500e+00 8.330282211303710938e+00
1.600000000000000000e+01 7.873090744018554688e+00 8.197220802307128906e+00
1.600000000000000000e+01 7.873090744018554688e+00 8.197220802307128906e+00
1.600000000000000000e+01 7.873090744018554688e+00 8.197220802307128906e+00
1.600000000000000000e+01 7.873090744018554688e+00 8.197220802307128906e+00
1.700000000000000000e+01 6.992830276489257812e+00 8.079546928405761719e+00
1.700000000000000000e+01 6.992830276489257812e+00 8.079546928405761719e+00
1.700000000000000000e+01 6.992830276489257812e+00 8.079546928405761719e+00
1.800000000000000000e+01 9.147027969360351562e+00 7.983792304992675781e+00
1.800000000000000000e+01 9.147027969360351562e+00 7.983792304992675781e+00
1.800000000000000000e+01 9.147027969360351562e+00 7.983792304992675781e+00
1.800000000000000000e+01 9.147027969360351562e+00 7.983792304992675781e+00
1.900000000000000000e+01 8.015369415283203125e+00 7.898847103118896484e+00
1.900000000000000000e+01 8.015369415283203125e+00 7.898847103118896484e+00
1.900000000000000000e+01 8.015369415283203125e+00 7.898847103118896484e+00
2.000000000000000000e+01 9.882259368896484375e+00 7.822894096374511719e+00
2.000000000000000000e+01 9.882259368896484375e+00 7.822894096374511719e+00
2.000000000000000000e+01 9.882259368896484375e+00 7.822894096374511719e+00
2.100000000000000000e+01 7.842518329620361328e+00 7.751119613647460938e+00
2.100000000000000000e+01 7.842518329620361328e+00 7.751119613647460938e+00
2.100000000000000000e+01 7.842518329620361328e+00 7.751119613647460938e+00
2.200000000000000000e+01 8.767301559448242188e+00 7.683393955230712891e+00
2.200000000000000000e+01 8.767301559448242188e+00 7.683393955230712891e+00
2.200000000000000000e+01 8.767301559448242188e+00 7.683393955230712891e+00
2.300000000000000000e+01 6.791141986846923828e+00 7.619210243225097656e+00
2.300000000000000000e+01 6.791141986846923828e+00 7.619210243225097656e+00
2.300000000000000000e+01 6.791141986846923828e+00 7.619210243225097656e+00
2.400000000000000000e+01 7.474788188934326172e+00 7.558370590209960938e+00
2.400000000000000000e+01 7.474788188934326172e+00 7.558370590209960938e+00
2.500000000000000000e+01 6.225132942199707031e+00 7.500426769256591797e+00
2.500000000000000000e+01 6.225132942199707031e+00 7.500426769256591797e+00
2.500000000000000000e+01 6.225132942199707031e+00 7.500426769256591797e+00
2.600000000000000000e+01 6.794002056121826172e+00 7.445217132568359375e+00
2.600000000000000000e+01 6.794002056121826172e+00 7.445217132568359375e+00
2.700000000000000000e+01 6.077648162841796875e+00 7.392549514770507812e+00
2.700000000000000000e+01 6.077648162841796875e+00 7.392549514770507812e+00
2.700000000000000000e+01 6.077648162841796875e+00 7.392549514770507812e+00
2.800000000000000000e+01 6.481981754302978516e+00 7.344863414764404297e+00
2.800000000000000000e+01 6.481981754302978516e+00 7.344863414764404297e+00
2.900000000000000000e+01 6.034619331359863281e+00 7.299715518951416016e+00
2.900000000000000000e+01 6.034619331359863281e+00 7.299715518951416016e+00
3.000000000000000000e+01 6.320758819580078125e+00 7.256500720977783203e+00
3.000000000000000000e+01 6.320758819580078125e+00 7.256500720977783203e+00
3.100000000000000000e+01 6.037919998168945312e+00 7.216992378234863281e+00
3.100000000000000000e+01 6.037919998168945312e+00 7.216992378234863281e+00
3.200000000000000000e+01 6.222820281982421875e+00 7.179045200347900391e+00
3.200000000000000000e+01 6.222820281982421875e+00 7.179045200347900391e+00
3.300000000000000000e+01 6.049152374267578125e+00 7.142401218414306641e+00
3.300000000000000000e+01 6.049152374267578125e+00 7.142401218414306641e+00
3.400000000000000000e+01 6.171522617340087891e+00 7.107003688812255859e+00
3.400000000000000000e+01 6.171522617340087891e+00 7.107003688812255859e+00
3.500000000000000000e+01 6.059823513031005859e+00 7.075824737548828125e+00
3.500000000000000000e+01 6.059823513031005859e+00 7.075824737548828125e+00
3.600000000000000000e+01 6.142786026000976562e+00 7.045927524566650391e+00
3.600000000000000000e+01 6.142786026000976562e+00 7.045927524566650391e+00
3.700000000000000000e+01 6.066407680511474609e+00 7.016866683959960938e+00
3.700000000000000000e+01 6.066407680511474609e+00 7.016866683959960938e+00
3.800000000000000000e+01 6.122972011566162109e+00 6.988701343536376953e+00
3.900000000000000000e+01 6.070294857025146484e+00 6.961269378662109375e+00
3.900000000000000000e+01 6.070294857025146484e+00 6.961269378662109375e+00
4.000000000000000000e+01 6.108646869659423828e+00 6.934538364410400391e+00
4.100000000000000000e+01 6.071952342987060547e+00 6.908420562744140625e+00
4.100000000000000000e+01 6.071952342987060547e+00 6.908420562744140625e+00
4.200000000000000000e+01 6.098598480224609375e+00 6.882922172546386719e+00
4.300000000000000000e+01 6.072435855865478516e+00 6.858121871948242188e+00
4.300000000000000000e+01 6.072435855865478516e+00 6.858121871948242188e+00
4.400000000000000000e+01 6.090986728668212891e+00 6.833806991577148438e+00
4.500000000000000000e+01 6.072444915771484375e+00 6.810095310211181641e+00
4.500000000000000000e+01 6.072444915771484375e+00 6.810095310211181641e+00
4.600000000000000000e+01 6.085332870483398438e+00 6.787123203277587891e+00
4.700000000000000000e+01 6.071883678436279297e+00 6.764659404754638672e+00
4.700000000000000000e+01 6.071883678436279297e+00 6.764659404754638672e+00
4.800000000000000000e+01 6.080986499786376953e+00 6.743329048156738281e+00
4.900000000000000000e+01 6.071312904357910156e+00 6.722435951232910156e+00
5.000000000000000000e+01 6.077595233917236328e+00 6.702107429504394531e+00
5.000000000000000000e+01 6.077595233917236328e+00 6.702107429504394531e+00
5.100000000000000000e+01 6.070532798767089844e+00 6.682128906250000000e+00
5.200000000000000000e+01 6.074948310852050781e+00 6.663037300109863281e+00
5.300000000000000000e+01 6.069795131683349609e+00 6.644762992858886719e+00
5.400000000000000000e+01 6.072867393493652344e+00 6.626861572265625000e+00
5.500000000000000000e+01 6.069106578826904297e+00 6.609333038330078125e+00
5.500000000000000000e+01 6.069106578826904297e+00 6.609333038330078125e+00
5.600000000000000000e+01 6.071197986602783203e+00 6.592216968536376953e+00
5.700000000000000000e+01 6.068375110626220703e+00 6.575784683227539062e+00
5.800000000000000000e+01 6.069867610931396484e+00 6.559807300567626953e+00
5.900000000000000000e+01 6.067765712738037109e+00 6.544143199920654297e+00
6.000000000000000000e+01 6.068753719329833984e+00 6.528769016265869141e+00
6.100000000000000000e+01 6.067167758941650391e+00 6.513608932495117188e+00
6.200000000000000000e+01 6.067852020263671875e+00 6.498744487762451172e+00
6.300000000000000000e+01 6.066659450531005859e+00 6.484173774719238281e+00
6.400000000000000000e+01 6.067101955413818359e+00 6.469887733459472656e+00
6.500000000000000000e+01 6.066191196441650391e+00 6.456358432769775391e+00
6.600000000000000000e+01 6.066486835479736328e+00 6.443090915679931641e+00
6.700000000000000000e+01 6.065804004669189453e+00 6.430097579956054688e+00
6.800000000000000000e+01 6.065951347351074219e+00 6.417294979095458984e+00
6.900000000000000000e+01 6.065449714660644531e+00 6.404754638671875000e+00
7.000000000000000000e+01 6.065519332885742188e+00 6.392526626586914062e+00
7.100000000000000000e+01 6.065130233764648438e+00 6.380515575408935547e+00
7.200000000000000000e+01 6.065165996551513672e+00 6.368734359741210938e+00
7.300000000000000000e+01 6.064854621887207031e+00 6.357862472534179688e+00
7.500000000000000000e+01 6.064620494842529297e+00 6.336770534515380859e+00
7.600000000000000000e+01 6.064600944519042969e+00 6.326579570770263672e+00
7.700000000000000000e+01 6.064400672912597656e+00 6.316577911376953125e+00
7.800000000000000000e+01 6.064387321472167969e+00 6.306758880615234375e+00
7.900000000000000000e+01 6.064228534698486328e+00 6.297086715698242188e+00
8.100000000000000000e+01 6.064074516296386719e+00 6.278344154357910156e+00
8.200000000000000000e+01 6.064036846160888672e+00 6.269261360168457031e+00
8.300000000000000000e+01 6.063930511474609375e+00 6.260341644287109375e+00
8.400000000000000000e+01 6.063905715942382812e+00 6.251631259918212891e+00
8.600000000000000000e+01 6.063787460327148438e+00 6.234608173370361328e+00
8.700000000000000000e+01 6.063716888427734375e+00 6.226375579833984375e+00
8.900000000000000000e+01 6.063627719879150391e+00 6.210266113281250000e+00
9.000000000000000000e+01 6.063602447509765625e+00 6.202454090118408203e+00
9.100000000000000000e+01 6.063549041748046875e+00 6.194841861724853516e+00
9.300000000000000000e+01 6.063485145568847656e+00 6.179913997650146484e+00
9.400000000000000000e+01 6.063463211059570312e+00 6.172683238983154297e+00
9.600000000000000000e+01 6.063408851623535156e+00 6.158605575561523438e+00
9.700000000000000000e+01 6.063376903533935547e+00 6.151709079742431641e+00
9.900000000000000000e+01 6.063333511352539062e+00 6.138358592987060547e+00
1.000000000000000000e+02 6.063318252563476562e+00 6.131846904754638672e+00
1.020000000000000000e+02 6.063282489776611328e+00 6.119221687316894531e+00
1.030000000000000000e+02 6.063264369964599609e+00 6.113039016723632812e+00
1.050000000000000000e+02 6.063235282897949219e+00 6.101064682006835938e+00
1.070000000000000000e+02 6.063210964202880859e+00 6.089497089385986328e+00
1.080000000000000000e+02 6.063203334808349609e+00 6.083897113800048828e+00
1.100000000000000000e+02 6.063182353973388672e+00 6.072931289672851562e+00
1.120000000000000000e+02 6.063164710998535156e+00 6.062307357788085938e+00
1.140000000000000000e+02 6.063149452209472656e+00 6.052105903625488281e+00
1.150000000000000000e+02 6.063140869140625000e+00 6.047139167785644531e+00
1.170000000000000000e+02 6.063129425048828125e+00 6.037401676177978516e+00
1.190000000000000000e+02 6.063119411468505859e+00 6.028057098388671875e+00
1.210000000000000000e+02 6.063110351562500000e+00 6.019602775573730469e+00
1.230000000000000000e+02 6.063101768493652344e+00 6.011820793151855469e+00
1.250000000000000000e+02 6.063094615936279297e+00 6.004272460937500000e+00
1.270000000000000000e+02 6.063088417053222656e+00 5.997286319732666016e+00
1.290000000000000000e+02 6.063083648681640625e+00 5.990999221801757812e+00
1.310000000000000000e+02 6.063078403472900391e+00 5.984950542449951172e+00
1.330000000000000000e+02 6.063074111938476562e+00 5.979106426239013672e+00
1.350000000000000000e+02 6.063071250915527344e+00 5.973433971405029297e+00
1.370000000000000000e+02 6.063068389892578125e+00 5.967929840087890625e+00
1.390000000000000000e+02 6.063065052032470703e+00 5.962579250335693359e+00
1.410000000000000000e+02 6.063063144683837891e+00 5.957393646240234375e+00
1.430000000000000000e+02 6.063060760498046875e+00 5.952349185943603516e+00
1.460000000000000000e+02 6.063058376312255859e+00 5.945059776306152344e+00
1.480000000000000000e+02 6.063057422637939453e+00 5.940424919128417969e+00
1.500000000000000000e+02 6.063055992126464844e+00 5.935974121093750000e+00
1.530000000000000000e+02 6.063054084777832031e+00 5.929513931274414062e+00
1.550000000000000000e+02 6.063053131103515625e+00 5.925364971160888672e+00
1.570000000000000000e+02 6.063052177429199219e+00 5.921298980712890625e+00
1.600000000000000000e+02 6.063051700592041016e+00 5.915392875671386719e+00
1.620000000000000000e+02 6.063049793243408203e+00 5.911566257476806641e+00
1.650000000000000000e+02 6.063049793243408203e+00 5.906034946441650391e+00
1.670000000000000000e+02 6.063049793243408203e+00 5.902455329895019531e+00
1.700000000000000000e+02 6.063049793243408203e+00 5.897236347198486328e+00
1.730000000000000000e+02 6.063049316406250000e+00 5.892222404479980469e+00
1.750000000000000000e+02 6.063048839569091797e+00 5.888988018035888672e+00
1.780000000000000000e+02 6.063047885894775391e+00 5.884299278259277344e+00
1.810000000000000000e+02 6.063048839569091797e+00 5.879766941070556641e+00
1.840000000000000000e+02 6.063047885894775391e+00 5.875437736511230469e+00
1.870000000000000000e+02 6.063047885894775391e+00 5.871224403381347656e+00
1.900000000000000000e+02 6.063047885894775391e+00 5.867151260375976562e+00
1.930000000000000000e+02 6.063047885894775391e+00 5.863244533538818359e+00
1.960000000000000000e+02 6.063047885894775391e+00 5.859455585479736328e+00
1.990000000000000000e+02 6.063047885894775391e+00 5.855815410614013672e+00
2.020000000000000000e+02 6.063047409057617188e+00 5.852313995361328125e+00
2.050000000000000000e+02 6.063047885894775391e+00 5.848924160003662109e+00
2.080000000000000000e+02 6.063047409057617188e+00 5.845674514770507812e+00
2.110000000000000000e+02 6.063047885894775391e+00 5.842528820037841797e+00
2.150000000000000000e+02 6.063047409057617188e+00 5.838498592376708984e+00
2.180000000000000000e+02 6.063047885894775391e+00 5.835622787475585938e+00
2.210000000000000000e+02 6.063047885894775391e+00 5.832816123962402344e+00
2.250000000000000000e+02 6.063046932220458984e+00 5.829246044158935547e+00
2.280000000000000000e+02 6.063047409057617188e+00 5.826661586761474609e+00
2.320000000000000000e+02 6.063047885894775391e+00 5.823366641998291016e+00
2.360000000000000000e+02 6.063046932220458984e+00 5.820199966430664062e+00
2.390000000000000000e+02 6.063046932220458984e+00 5.817905902862548828e+00
2.430000000000000000e+02 6.063046932220458984e+00 5.814993858337402344e+00
2.470000000000000000e+02 6.063047885894775391e+00 5.812180042266845703e+00
2.510000000000000000e+02 6.063046932220458984e+00 5.809490203857421875e+00
2.550000000000000000e+02 6.063047409057617188e+00 5.806910991668701172e+00
2.590000000000000000e+02 6.063047885894775391e+00 5.804426670074462891e+00
2.630000000000000000e+02 6.063047885894775391e+00 5.802049636840820312e+00
2.670000000000000000e+02 6.063046932220458984e+00 5.799772262573242188e+00
2.710000000000000000e+02 6.063046932220458984e+00 5.797572612762451172e+00
2.750000000000000000e+02 6.063046932220458984e+00 5.795470714569091797e+00
2.790000000000000000e+02 6.063046932220458984e+00 5.793452739715576172e+00
2.840000000000000000e+02 6.063046932220458984e+00 5.791034698486328125e+00
2.880000000000000000e+02 6.063046932220458984e+00 5.789182186126708984e+00
2.930000000000000000e+02 6.063046932220458984e+00 5.786976814270019531e+00
2.970000000000000000e+02 6.063046932220458984e+00 5.785284042358398438e+00
3.020000000000000000e+02 6.063046932220458984e+00 5.783246517181396484e+00
3.070000000000000000e+02 6.063046932220458984e+00 5.781316757202148438e+00
3.110000000000000000e+02 6.063046932220458984e+00 5.779839038848876953e+00
3.160000000000000000e+02 6.063046932220458984e+00 5.778070449829101562e+00
3.210000000000000000e+02 6.063046932220458984e+00 5.776404380798339844e+00
3.260000000000000000e+02 6.063046932220458984e+00 5.774952411651611328e+00
3.310000000000000000e+02 6.063046932220458984e+00 5.773557186126708984e+00
3.360000000000000000e+02 6.063046932220458984e+00 5.772226333618164062e+00
3.420000000000000000e+02 6.063046932220458984e+00 5.770701408386230469e+00
3.470000000000000000e+02 6.063046932220458984e+00 5.769487380981445312e+00
3.530000000000000000e+02 6.063046932220458984e+00 5.768116474151611328e+00
3.580000000000000000e+02 6.063046932220458984e+00 5.767017364501953125e+00
3.640000000000000000e+02 6.063047409057617188e+00 5.765770912170410156e+00
3.690000000000000000e+02 6.063047409057617188e+00 5.764776706695556641e+00
3.750000000000000000e+02 6.063047409057617188e+00 5.763644218444824219e+00
3.810000000000000000e+02 6.063047409057617188e+00 5.762566089630126953e+00
3.870000000000000000e+02 6.063047409057617188e+00 5.761545181274414062e+00
3.930000000000000000e+02 6.063047409057617188e+00 5.760576248168945312e+00
3.990000000000000000e+02 6.063046932220458984e+00 5.759656906127929688e+00
4.050000000000000000e+02 6.063047409057617188e+00 5.758775234222412109e+00
4.120000000000000000e+02 6.063046932220458984e+00 5.757811069488525391e+00
4.180000000000000000e+02 6.063046932220458984e+00 5.757021427154541016e+00
4.250000000000000000e+02 6.063046932220458984e+00 5.756152153015136719e+00
4.310000000000000000e+02 6.063046932220458984e+00 5.755447387695312500e+00
4.380000000000000000e+02 6.063046932220458984e+00 5.754666805267333984e+00
4.450000000000000000e+02 6.063046932220458984e+00 5.753927230834960938e+00
4.520000000000000000e+02 6.063046932220458984e+00 5.753230571746826172e+00
4.590000000000000000e+02 6.063046932220458984e+00 5.752573966979980469e+00
4.660000000000000000e+02 6.063046932220458984e+00 5.751953125000000000e+00
4.730000000000000000e+02 6.063046932220458984e+00 5.751361846923828125e+00
4.810000000000000000e+02 6.063047885894775391e+00 5.750725746154785156e+00
4.880000000000000000e+02 6.063046932220458984e+00 5.750204086303710938e+00
4.960000000000000000e+02 6.063046932220458984e+00 5.749638557434082031e+00
5.030000000000000000e+02 6.063047409057617188e+00 5.749172210693359375e+00
5.110000000000000000e+02 6.063046932220458984e+00 5.748668193817138672e+00
5.190000000000000000e+02 6.063047885894775391e+00 5.748196601867675781e+00
5.270000000000000000e+02 6.063046932220458984e+00 5.747749805450439453e+00
5.360000000000000000e+02 6.063046932220458984e+00 5.747281551361083984e+00
5.440000000000000000e+02 6.063046932220458984e+00 5.746890068054199219e+00
5.530000000000000000e+02 6.063047409057617188e+00 5.746475696563720703e+00
5.610000000000000000e+02 6.063046932220458984e+00 5.746130466461181641e+00
5.700000000000000000e+02 6.063046932220458984e+00 5.745767593383789062e+00
5.790000000000000000e+02 6.063046932220458984e+00 5.745426654815673828e+00
5.880000000000000000e+02 6.063046932220458984e+00 5.745107650756835938e+00
5.970000000000000000e+02 6.063047409057617188e+00 5.744807720184326172e+00
6.060000000000000000e+02 6.063047409057617188e+00 5.744528293609619141e+00
6.160000000000000000e+02 6.063047409057617188e+00 5.744237899780273438e+00
6.250000000000000000e+02 6.063047409057617188e+00 5.743992805480957031e+00
6.350000000000000000e+02 6.063046932220458984e+00 5.743740081787109375e+00
6.450000000000000000e+02 6.063047409057617188e+00 5.743503570556640625e+00
6.550000000000000000e+02 6.063047409057617188e+00 5.743284702301025391e+00
6.650000000000000000e+02 6.063047409057617188e+00 5.743079662322998047e+00
6.760000000000000000e+02 6.063047409057617188e+00 5.742871761322021484e+00
6.860000000000000000e+02 6.063047409057617188e+00 5.742695331573486328e+00
6.970000000000000000e+02 6.063047409057617188e+00 5.742515087127685547e+00
7.080000000000000000e+02 6.063047409057617188e+00 5.742347240447998047e+00
7.190000000000000000e+02 6.063047409057617188e+00 5.742193698883056641e+00
7.300000000000000000e+02 6.063047409057617188e+00 5.742050647735595703e+00
7.420000000000000000e+02 6.063047409057617188e+00 5.741906642913818359e+00
7.530000000000000000e+02 6.063047409057617188e+00 5.741784572601318359e+00
7.650000000000000000e+02 6.063047409057617188e+00 5.741662025451660156e+00
7.770000000000000000e+02 6.063047409057617188e+00 5.741549491882324219e+00
7.890000000000000000e+02 6.063047409057617188e+00 5.741444110870361328e+00
8.010000000000000000e+02 6.063047409057617188e+00 5.741348266601562500e+00
8.140000000000000000e+02 6.063047409057617188e+00 5.741253852844238281e+00
8.270000000000000000e+02 6.063047409057617188e+00 5.741165637969970703e+00
8.390000000000000000e+02 6.063047409057617188e+00 5.741091728210449219e+00
8.530000000000000000e+02 6.063047409057617188e+00 5.741013050079345703e+00
8.660000000000000000e+02 6.063047409057617188e+00 5.740945339202880859e+00
8.790000000000000000e+02 6.063047409057617188e+00 5.740883350372314453e+00
8.930000000000000000e+02 6.063047409057617188e+00 5.740822792053222656e+00
9.070000000000000000e+02 6.063047409057617188e+00 5.740767955780029297e+00
9.210000000000000000e+02 6.063047409057617188e+00 5.740718364715576172e+00
9.360000000000000000e+02 6.063046932220458984e+00 5.740668296813964844e+00
9.500000000000000000e+02 6.063046932220458984e+00 5.740626811981201172e+00
9.650000000000000000e+02 6.063046932220458984e+00 5.740585803985595703e+00
9.800000000000000000e+02 6.063046932220458984e+00 5.740550518035888672e+00
9.950000000000000000e+02 6.063047885894775391e+00 5.740517616271972656e+00
1.011000000000000000e+03 6.063046932220458984e+00 5.740485191345214844e+00
1.027000000000000000e+03 6.063047409057617188e+00 5.740457534790039062e+00
1.043000000000000000e+03 6.063047885894775391e+00 5.740432739257812500e+00
1.059000000000000000e+03 6.063047409057617188e+00 5.740410327911376953e+00
1.075000000000000000e+03 6.063046932220458984e+00 5.740389823913574219e+00
1.092000000000000000e+03 6.063046932220458984e+00 5.740371227264404297e+00
1.109000000000000000e+03 6.063046932220458984e+00 5.740353584289550781e+00
1.127000000000000000e+03 6.063047885894775391e+00 5.740335464477539062e+00
1.144000000000000000e+03 6.063047885894775391e+00 5.740321159362792969e+00
1.162000000000000000e+03 6.063047885894775391e+00 5.740308284759521484e+00
1.180000000000000000e+03 6.063046932220458984e+00 5.740295410156250000e+00
1.199000000000000000e+03 6.063047409057617188e+00 5.740284919738769531e+00
1.217000000000000000e+03 6.063047409057617188e+00 5.740275859832763672e+00
1.236000000000000000e+03 6.063047409057617188e+00 5.740266799926757812e+00
1.256000000000000000e+03 6.063047409057617188e+00 5.740258216857910156e+00
1.275000000000000000e+03 6.063047409057617188e+00 5.740251064300537109e+00
1.295000000000000000e+03 6.063047409057617188e+00 5.740242958068847656e+00
1.315000000000000000e+03 6.063047409057617188e+00 5.740238189697265625e+00
1.336000000000000000e+03 6.063047409057617188e+00 5.740232944488525391e+00
1.357000000000000000e+03 6.063047409057617188e+00 5.740230083465576172e+00
1.378000000000000000e+03 6.063047409057617188e+00 5.740227699279785156e+00
1.399000000000000000e+03 6.063047409057617188e+00 5.740225315093994141e+00
1.421000000000000000e+03 6.063047409057617188e+00 5.740221977233886719e+00
1.443000000000000000e+03 6.063047409057617188e+00 5.740219116210937500e+00
1.466000000000000000e+03 6.063047409057617188e+00 5.740217208862304688e+00
1.489000000000000000e+03 6.063047409057617188e+00 5.740216255187988281e+00
1.512000000000000000e+03 6.063047409057617188e+00 5.740214347839355469e+00
1.536000000000000000e+03 6.063047409057617188e+00 5.740212440490722656e+00
1.560000000000000000e+03 6.063047409057617188e+00 5.740211009979248047e+00
1.584000000000000000e+03 6.063047409057617188e+00 5.740210533142089844e+00
1.609000000000000000e+03 6.063046932220458984e+00 5.740210056304931641e+00
1.634000000000000000e+03 6.063046932220458984e+00 5.740208625793457031e+00
1.659000000000000000e+03 6.063046932220458984e+00 5.740209579467773438e+00
1.685000000000000000e+03 6.063046932220458984e+00 5.740207672119140625e+00
1.711000000000000000e+03 6.063046932220458984e+00 5.740207672119140625e+00
1.738000000000000000e+03 6.063047409057617188e+00 5.740206718444824219e+00
1.765000000000000000e+03 6.063046932220458984e+00 5.740206718444824219e+00
1.793000000000000000e+03 6.063047409057617188e+00 5.740206718444824219e+00
1.821000000000000000e+03 6.063047409057617188e+00 5.740206241607666016e+00
1.849000000000000000e+03 6.063047409057617188e+00 5.740206241607666016e+00
1.878000000000000000e+03 6.063047409057617188e+00 5.740205764770507812e+00
1.907000000000000000e+03 6.063046932220458984e+00 5.740205287933349609e+00
1.937000000000000000e+03 6.063047409057617188e+00 5.740204334259033203e+00
1.967000000000000000e+03 6.063046932220458984e+00 5.740204334259033203e+00
1.998000000000000000e+03 6.063046932220458984e+00 5.740203857421875000e+00
2.029000000000000000e+03 6.063046932220458984e+00 5.740203857421875000e+00
2.061000000000000000e+03 6.063046932220458984e+00 5.740203857421875000e+00
2.093000000000000000e+03 6.063047409057617188e+00 5.740203857421875000e+00
2.126000000000000000e+03 6.063047409057617188e+00 5.740203857421875000e+00
2.159000000000000000e+03 6.063047409057617188e+00 5.740203380584716797e+00
2.192000000000000000e+03 6.063047409057617188e+00 5.740203380584716797e+00
2.227000000000000000e+03 6.063047409057617188e+00 5.740203380584716797e+00
2.261000000000000000e+03 6.063047409057617188e+00 5.740202426910400391e+00
2.297000000000000000e+03 6.063047885894775391e+00 5.740202426910400391e+00
2.333000000000000000e+03 6.063047409057617188e+00 5.740201950073242188e+00
2.369000000000000000e+03 6.063047409057617188e+00 5.740202426910400391e+00
2.406000000000000000e+03 6.063047409057617188e+00 5.740201950073242188e+00
2.443000000000000000e+03 6.063047409057617188e+00 5.740201950073242188e+00
2.482000000000000000e+03 6.063047409057617188e+00 5.740201473236083984e+00
2.520000000000000000e+03 6.063047409057617188e+00 5.740201473236083984e+00
2.560000000000000000e+03 6.063047409057617188e+00 5.740201950073242188e+00
2.600000000000000000e+03 6.063047409057617188e+00 5.740201473236083984e+00
2.640000000000000000e+03 6.063047409057617188e+00 5.740201950073242188e+00
2.681000000000000000e+03 6.063047409057617188e+00 5.740201473236083984e+00
2.723000000000000000e+03 6.063047409057617188e+00 5.740201950073242188e+00
2.766000000000000000e+03 6.063047409057617188e+00 5.740201473236083984e+00
2.809000000000000000e+03 6.063047409057617188e+00 5.740200996398925781e+00
2.853000000000000000e+03 6.063047409057617188e+00 5.740201473236083984e+00
2.897000000000000000e+03 6.063047885894775391e+00 5.740201473236083984e+00
2.942000000000000000e+03 6.063047409057617188e+00 5.740201473236083984e+00
2.988000000000000000e+03 6.063047409057617188e+00 5.740201950073242188e+00
3.035000000000000000e+03 6.063047409057617188e+00 5.740201473236083984e+00
3.082000000000000000e+03 6.063047885894775391e+00 5.740201473236083984e+00
3.130000000000000000e+03 6.063047409057617188e+00 5.740201473236083984e+00
3.179000000000000000e+03 6.063047409057617188e+00 5.740201473236083984e+00
3.229000000000000000e+03 6.063047409057617188e+00 5.740201473236083984e+00
3.279000000000000000e+03 6.063047409057617188e+00 5.740201473236083984e+00
3.330000000000000000e+03 6.063047409057617188e+00 5.740201473236083984e+00
3.382000000000000000e+03 6.063046932220458984e+00 5.740201473236083984e+00
3.435000000000000000e+03 6.063047409057617188e+00 5.740200996398925781e+00
3.489000000000000000e+03 6.063046932220458984e+00 5.740200042724609375e+00
3.543000000000000000e+03 6.063047409057617188e+00 5.740200996398925781e+00
3.598000000000000000e+03 6.063046932220458984e+00 5.740200042724609375e+00
3.654000000000000000e+03 6.063047409057617188e+00 5.740200042724609375e+00
3.711000000000000000e+03 6.063046932220458984e+00 5.740200042724609375e+00
3.769000000000000000e+03 6.063046932220458984e+00 5.740200042724609375e+00
3.828000000000000000e+03 6.063046932220458984e+00 5.740200042724609375e+00
3.888000000000000000e+03 6.063046932220458984e+00 5.740200042724609375e+00
3.948000000000000000e+03 6.063047409057617188e+00 5.740199565887451172e+00
4.010000000000000000e+03 6.063047409057617188e+00 5.740200042724609375e+00
4.073000000000000000e+03 6.063047409057617188e+00 5.740199565887451172e+00
4.136000000000000000e+03 6.063047409057617188e+00 5.740199565887451172e+00
4.201000000000000000e+03 6.063046932220458984e+00 5.740200042724609375e+00
4.266000000000000000e+03 6.063047409057617188e+00 5.740199565887451172e+00
4.333000000000000000e+03 6.063047409057617188e+00 5.740199565887451172e+00
4.400000000000000000e+03 6.063046932220458984e+00 5.740199565887451172e+00
4.469000000000000000e+03 6.063047409057617188e+00 5.740199565887451172e+00
4.539000000000000000e+03 6.063047409057617188e+00 5.740199565887451172e+00
4.610000000000000000e+03 6.063047409057617188e+00 5.740199565887451172e+00
4.682000000000000000e+03 6.063047409057617188e+00 5.740199565887451172e+00
4.755000000000000000e+03 6.063047409057617188e+00 5.740199565887451172e+00
4.829000000000000000e+03 6.063047409057617188e+00 5.740199565887451172e+00
4.904000000000000000e+03 6.063047409057617188e+00 5.740199089050292969e+00
4.981000000000000000e+03 6.063047409057617188e+00 5.740199565887451172e+00
5.058000000000000000e+03 6.063047409057617188e+00 5.740199565887451172e+00
5.137000000000000000e+03 6.063047409057617188e+00 5.740199089050292969e+00
5.217000000000000000e+03 6.063047409057617188e+00 5.740199089050292969e+00
5.299000000000000000e+03 6.063047409057617188e+00 5.740199089050292969e+00
5.381000000000000000e+03 6.063047409057617188e+00 5.740199089050292969e+00
5.465000000000000000e+03 6.063047409057617188e+00 5.740198135375976562e+00
5.551000000000000000e+03 6.063047409057617188e+00 5.740198135375976562e+00
5.637000000000000000e+03 6.063047409057617188e+00 5.740198135375976562e+00
5.725000000000000000e+03 6.063047409057617188e+00 5.740198135375976562e+00
5.814000000000000000e+03 6.063046932220458984e+00 5.740198135375976562e+00
5.905000000000000000e+03 6.063046932220458984e+00 5.740198135375976562e+00
5.997000000000000000e+03 6.063046932220458984e+00 5.740197658538818359e+00
6.091000000000000000e+03 6.063047409057617188e+00 5.740197658538818359e+00
6.186000000000000000e+03 6.063046932220458984e+00 5.740198135375976562e+00
6.282000000000000000e+03 6.063046932220458984e+00 5.740198135375976562e+00
6.380000000000000000e+03 6.063047409057617188e+00 5.740198135375976562e+00
6.480000000000000000e+03 6.063047409057617188e+00 5.740198135375976562e+00
6.581000000000000000e+03 6.063047409057617188e+00 5.740198135375976562e+00
6.684000000000000000e+03 6.063046932220458984e+00 5.740198135375976562e+00
6.788000000000000000e+03 6.063047409057617188e+00 5.740198135375976562e+00
6.894000000000000000e+03 6.063047409057617188e+00 5.740198135375976562e+00
7.001000000000000000e+03 6.063047409057617188e+00 5.740198135375976562e+00
7.111000000000000000e+03 6.063046932220458984e+00 5.740198135375976562e+00
7.222000000000000000e+03 6.063046932220458984e+00 5.740198135375976562e+00
7.334000000000000000e+03 6.063047409057617188e+00 5.740197181701660156e+00
7.449000000000000000e+03 6.063047409057617188e+00 5.740198135375976562e+00
7.565000000000000000e+03 6.063047409057617188e+00 5.740198135375976562e+00
7.683000000000000000e+03 6.063047409057617188e+00 5.740197658538818359e+00
7.803000000000000000e+03 6.063046932220458984e+00 5.740197658538818359e+00
7.924000000000000000e+03 6.063046932220458984e+00 5.740197658538818359e+00
8.048000000000000000e+03 6.063046932220458984e+00 5.740197658538818359e+00
8.174000000000000000e+03 6.063046932220458984e+00 5.740198135375976562e+00
8.301000000000000000e+03 6.063046932220458984e+00 5.740198135375976562e+00
8.431000000000000000e+03 6.063047409057617188e+00 5.740197181701660156e+00
8.562000000000000000e+03 6.063047409057617188e+00 5.740197658538818359e+00
8.696000000000000000e+03 6.063047885894775391e+00 5.740197181701660156e+00
8.831000000000000000e+03 6.063047409057617188e+00 5.740197658538818359e+00
8.969000000000000000e+03 6.063047409057617188e+00 5.740197181701660156e+00
9.109000000000000000e+03 6.063047409057617188e+00 5.740197181701660156e+00
9.251000000000000000e+03 6.063047409057617188e+00 5.740197181701660156e+00
9.395000000000000000e+03 6.063046932220458984e+00 5.740197181701660156e+00
9.542000000000000000e+03 6.063047409057617188e+00 5.740196704864501953e+00
9.691000000000000000e+03 6.063047409057617188e+00 5.740196704864501953e+00
9.842000000000000000e+03 6.063047409057617188e+00 5.740196704864501953e+00
9.996000000000000000e+03 6.063047885894775391e+00 5.740196704864501953e+00
1.015200000000000000e+04 6.063047409057617188e+00 5.740197181701660156e+00
1.031000000000000000e+04 6.063046932220458984e+00 5.740196704864501953e+00
1.047100000000000000e+04 6.063047409057617188e+00 5.740196704864501953e+00
1.063400000000000000e+04 6.063047409057617188e+00 5.740196704864501953e+00
1.080000000000000000e+04 6.063047409057617188e+00 5.740196704864501953e+00
1.096800000000000000e+04 6.063047409057617188e+00 5.740195751190185547e+00
1.114000000000000000e+04 6.063047409057617188e+00 5.740195751190185547e+00
1.131300000000000000e+04 6.063047409057617188e+00 5.740195751190185547e+00
1.149000000000000000e+04 6.063047409057617188e+00 5.740195751190185547e+00
1.166900000000000000e+04 6.063047409057617188e+00 5.740196704864501953e+00
1.185100000000000000e+04 6.063047409057617188e+00 5.740196704864501953e+00
1.203600000000000000e+04 6.063047409057617188e+00 5.740195751190185547e+00
1.222400000000000000e+04 6.063047409057617188e+00 5.740195751190185547e+00
1.241400000000000000e+04 6.063047409057617188e+00 5.740196704864501953e+00
1.260800000000000000e+04 6.063047409057617188e+00 5.740196704864501953e+00
1.280500000000000000e+04 6.063047409057617188e+00 5.740195751190185547e+00
1.300500000000000000e+04 6.063047409057617188e+00 5.740195751190185547e+00
1.320700000000000000e+04 6.063047409057617188e+00 5.740195751190185547e+00
1.341300000000000000e+04 6.063047409057617188e+00 5.740195751190185547e+00
1.362300000000000000e+04 6.063046932220458984e+00 5.740195751190185547e+00
1.383500000000000000e+04 6.063047409057617188e+00 5.740195751190185547e+00
1.405100000000000000e+04 6.063047409057617188e+00 5.740195751190185547e+00
1.427000000000000000e+04 6.063047409057617188e+00 5.740195751190185547e+00
1.449300000000000000e+04 6.063047409057617188e+00 5.740195751190185547e+00
1.471900000000000000e+04 6.063047409057617188e+00 5.740195751190185547e+00
1.494900000000000000e+04 6.063047409057617188e+00 5.740195751190185547e+00
1.518200000000000000e+04 6.063047885894775391e+00 5.740195751190185547e+00
1.541900000000000000e+04 6.063047409057617188e+00 5.740195751190185547e+00
1.565900000000000000e+04 6.063047409057617188e+00 5.740195751190185547e+00
1.590300000000000000e+04 6.063047409057617188e+00 5.740195751190185547e+00
1.615100000000000000e+04 6.063047409057617188e+00 5.740195751190185547e+00
1.640300000000000000e+04 6.063047409057617188e+00 5.740195274353027344e+00
1.665900000000000000e+04 6.063047409057617188e+00 5.740195274353027344e+00
1.691900000000000000e+04 6.063047409057617188e+00 5.740195751190185547e+00
1.718300000000000000e+04 6.063047409057617188e+00 5.740195751190185547e+00
1.745100000000000000e+04 6.063046932220458984e+00 5.740195274353027344e+00
1.772300000000000000e+04 6.063047409057617188e+00 5.740195274353027344e+00
1.800000000000000000e+04 6.063047409057617188e+00 5.740194797515869141e+00
1.828100000000000000e+04 6.063047409057617188e+00 5.740194797515869141e+00
1.856600000000000000e+04 6.063047409057617188e+00 5.740195274353027344e+00
1.885600000000000000e+04 6.063046932220458984e+00 5.740195274353027344e+00
1.915000000000000000e+04 6.063046932220458984e+00 5.740195274353027344e+00
1.944800000000000000e+04 6.063047409057617188e+00 5.740195274353027344e+00
1.975200000000000000e+04 6.063047409057617188e+00 5.740195274353027344e+00
2.006000000000000000e+04 6.063046932220458984e+00 5.740195274353027344e+00
2.037300000000000000e+04 6.063046932220458984e+00 5.740195274353027344e+00
2.069100000000000000e+04 6.063047409057617188e+00 5.740195274353027344e+00
2.101300000000000000e+04 6.063046932220458984e+00 5.740195274353027344e+00
2.134100000000000000e+04 6.063046932220458984e+00 5.740195274353027344e+00
2.167400000000000000e+04 6.063047409057617188e+00 5.740195751190185547e+00
2.201200000000000000e+04 6.063046932220458984e+00 5.740195274353027344e+00
2.235600000000000000e+04 6.063047409057617188e+00 5.740195274353027344e+00
2.270400000000000000e+04 6.063046932220458984e+00 5.740195274353027344e+00
2.305900000000000000e+04 6.063046932220458984e+00 5.740195274353027344e+00
2.341800000000000000e+04 6.063047409057617188e+00 5.740195751190185547e+00
2.378400000000000000e+04 6.063046932220458984e+00 5.740195751190185547e+00
2.415500000000000000e+04 6.063047409057617188e+00 5.740195274353027344e+00
2.453100000000000000e+04 6.063046932220458984e+00 5.740195274353027344e+00
2.491400000000000000e+04 6.063047409057617188e+00 5.740194797515869141e+00
2.530300000000000000e+04 6.063047409057617188e+00 5.740194797515869141e+00
2.569700000000000000e+04 6.063047409057617188e+00 5.740194797515869141e+00
2.609800000000000000e+04 6.063047409057617188e+00 5.740195274353027344e+00
2.650500000000000000e+04 6.063047409057617188e+00 5.740195274353027344e+00
2.691900000000000000e+04 6.063047409057617188e+00 5.740195274353027344e+00
2.733900000000000000e+04 6.063047409057617188e+00 5.740195274353027344e+00
2.776500000000000000e+04 6.063047409057617188e+00 5.740195274353027344e+00
2.819800000000000000e+04 6.063047409057617188e+00 5.740195274353027344e+00
2.863800000000000000e+04 6.063047409057617188e+00 5.740195274353027344e+00
2.908500000000000000e+04 6.063047409057617188e+00 5.740195274353027344e+00
2.953900000000000000e+04 6.063047409057617188e+00 5.740194797515869141e+00
3.000000000000000000e+04 6.063047409057617188e+00 5.740195274353027344e+00
3.046800000000000000e+04 6.063047409057617188e+00 5.740195274353027344e+00
3.094300000000000000e+04 6.063047409057617188e+00 5.740194797515869141e+00
3.142600000000000000e+04 6.063047409057617188e+00 5.740194797515869141e+00
3.191600000000000000e+04 6.063047409057617188e+00 5.740195274353027344e+00
3.241400000000000000e+04 6.063047409057617188e+00 5.740195274353027344e+00
3.291900000000000000e+04 6.063047409057617188e+00 5.740195274353027344e+00
3.343300000000000000e+04 6.063047409057617188e+00 5.740195274353027344e+00
3.395400000000000000e+04 6.063047409057617188e+00 5.740195274353027344e+00
3.448400000000000000e+04 6.063047409057617188e+00 5.740194797515869141e+00
3.502200000000000000e+04 6.063047409057617188e+00 5.740195274353027344e+00
3.556800000000000000e+04 6.063047409057617188e+00 5.740194797515869141e+00
3.612300000000000000e+04 6.063047409057617188e+00 5.740194797515869141e+00
3.668700000000000000e+04 6.063047409057617188e+00 5.740194797515869141e+00
3.725900000000000000e+04 6.063047409057617188e+00 5.740194797515869141e+00
3.784000000000000000e+04 6.063047409057617188e+00 5.740194797515869141e+00
3.843000000000000000e+04 6.063047409057617188e+00 5.740194797515869141e+00
3.903000000000000000e+04 6.063047409057617188e+00 5.740194797515869141e+00
3.963900000000000000e+04 6.063047409057617188e+00 5.740194320678710938e+00
4.025700000000000000e+04 6.063047409057617188e+00 5.740194797515869141e+00
4.088500000000000000e+04 6.063047885894775391e+00 5.740194320678710938e+00
4.152300000000000000e+04 6.063047409057617188e+00 5.740194320678710938e+00
4.217100000000000000e+04 6.063047885894775391e+00 5.740194797515869141e+00
4.282800000000000000e+04 6.063047409057617188e+00 5.740194797515869141e+00
4.349700000000000000e+04 6.063047409057617188e+00 5.740194797515869141e+00
4.417500000000000000e+04 6.063047409057617188e+00 5.740194797515869141e+00
4.486400000000000000e+04 6.063047409057617188e+00 5.740194320678710938e+00
4.556400000000000000e+04 6.063047409057617188e+00 5.740194320678710938e+00
4.627500000000000000e+04 6.063047409057617188e+00 5.740194797515869141e+00
4.699700000000000000e+04 6.063047409057617188e+00 5.740194797515869141e+00
4.773000000000000000e+04 6.063047409057617188e+00 5.740194320678710938e+00
4.847400000000000000e+04 6.063047409057617188e+00 5.740194797515869141e+00
4.923100000000000000e+04 6.063047885894775391e+00 5.740194320678710938e+00
4.999900000000000000e+04 6.063047409057617188e+00 5.740194320678710938e+00
