t dd no-dd
1.000000000000000000e+00 1.370070934295654297e+01 1.493829250335693359e+01
1.000000000000000000e+00 1.370070934295654297e+01 1.493829250335693359e+01
1.000000000000000000e+00 1.370070934295654297e+01 1.493829250335693359e+01
1.000000000000000000e+00 1.370070934295654297e+01 1.493829250335693359e+01
1.000000000000000000e+00 1.370070934295654297e+01 1.493829250335693359e+01
1.000000000000000000e+00 1.370070934295654297e+01 1.493829250335693359e+01
1.000000000000000000e+00 1.370070934295654297e+01 1.493829250335693359e+01
1.000000000000000000e+00 1.370070934295654297e+01 1.493829250335693359e+01
1.000000000000000000e+00 1.370070934295654297e+01 1.493829250335693359e+01
1.000000000000000000e+00 1.370070934295654297e+01 1.493829250335693359e+01
1.000000000000000000e+00 1.370070934295654297e+01 1.493829250335693359e+01
1.000000000000000000e+00 1.370070934295654297e+01 1.493829250335693359e+01
1.000000000000000000e+00 1.370070934295654297e+01 1.493829250335693359e+01
1.000000000000000000e+00 1.370070934295654297e+01 1.493829250335693359e+01
1.000000000000000000e+00 1.370070934295654297e+01 1.493829250335693359e+01
1.000000000000000000e+00 1.370070934295654297e+01 1.493829250335693359e+01
1.000000000000000000e+00 1.370070934295654297e+01 1.493829250335693359e+01
1.000000000000000000e+00 1.370070934295654297e+01 1.493829250335693359e+01
1.000000000000000000e+00 1.370070934295654297e+01 1.493829250335693359e+01
1.000000000000000000e+00 1.370070934295654297e+01 1.493829250335693359e+01
1.000000000000000000e+00 1.370070934295654297e+01 1.493829250335693359e+01
1.000000000000000000e+00 1.370070934295654297e+01 1.493829250335693359e+01
1.000000000000000000e+00 1.370070934295654297e+01 1.493829250335693359e+01
1.000000000000000000e+00 1.370070934295654297e+01 1.493829250335693359e+01
1.000000000000000000e+00 1.370070934295654297e+01 1.493829250335693359e+01
1.000000000000000000e+00 1.370070934295654297e+01 1.493829250335693359e+01
1.000000000000000000e+00 1.370070934295654297e+01 1.493829250335693359e+01
1.000000000000000000e+00 1.370070934295654297e+01 1.493829250335693359e+01
1.000000000000000000e+00 1.370070934295654297e+01 1.493829250335693359e+01
1.000000000000000000e+00 1.370070934295654297e+01 1.493829250335693359e+01
1.000000000000000000e+00 1.370070934295654297e+01 1.493829250335693359e+01
1.000000000000000000e+00 1.370070934295654297e+01 1.493829250335693359e+01
1.000000000000000000e+00 1.370070934295654297e+01 1.493829250335693359e+01
1.000000000000000000e+00 1.370070934295654297e+01 1.493829250335693359e+01
1.000000000000000000e+00 1.370070934295654297e+01 1.493829250335693359e+01
1.000000000000000000e+00 1.370070934295654297e+01 1.493829250335693359e+01
1.000000000000000000e+00 1.370070934295654297e+01 1.493829250335693359e+01
1.000000000000000000e+00 1.370070934295654297e+01 1.493829250335693359e+01
1.000000000000000000e+00 1.370070934295654297e+01 1.493829250335693359e+01
1.000000000000000000e+00 1.370070934295654297e+01 1.493829250335693359e+01
1.000000000000000000e+00 1.370070934295654297e+01 1.493829250335693359e+01
1.000000000000000000e+00 1.370070934295654297e+01 1.493829250335693359e+01
1.000000000000000000e+00 1.370070934295654297e+01 1.493829250335693359e+01
1.000000000000000000e+00 1.370070934295654297e+01 1.493829250335693359e+01
1.000000000000000000e+00 1.370070934295654297e+01 1.493829250335693359e+01
2.000000000000000000e+00 1.060426044464111328e+01 1.397127151489257812e+01
2.000000000000000000e+00 1.060426044464111328e+01 1.397127151489257812e+01
2.000000000000000000e+00 1.060426044464111328e+01 1.397127151489257812e+01
2.000000000000000000e+00 1.060426044464111328e+01 1.397127151489257812e+01
2.000000000000000000e+00 1.060426044464111328e+01 1.397127151489257812e+01
2.000000000000000000e+00 1.060426044464111328e+01 1.397127151489257812e+01
2.000000000000000000e+00 1.060426044464111328e+01 1.397127151489257812e+01
2.000000000000000000e+00 1.060426044464111328e+01 1.397127151489257812e+01
2.000000000000000000e+00 1.060426044464111328e+01 1.397127151489257812e+01
2.000000000000000000e+00 1.060426044464111328e+01 1.397127151489257812e+01
2.000000000000000000e+00 1.060426044464111328e+01 1.397127151489257812e+01
2.000000000000000000e+00 1.060426044464111328e+01 1.397127151489257812e+01
2.000000000000000000e+00 1.060426044464111328e+01 1.397127151489257812e+01
2.000000000000000000e+00 1.060426044464111328e+01 1.397127151489257812e+01
2.000000000000000000e+00 1.060426044464111328e+01 1.397127151489257812e+01
2.000000000000000000e+00 1.060426044464111328e+01 1.397127151489257812e+01
2.000000000000000000e+00 1.060426044464111328e+01 1.397127151489257812e+01
2.000000000000000000e+00 1.060426044464111328e+01 1.397127151489257812e+01
2.000000000000000000e+00 1.060426044464111328e+01 1.397127151489257812e+01
2.000000000000000000e+00 1.060426044464111328e+01 1.397127151489257812e+01
2.000000000000000000e+00 1.060426044464111328e+01 1.397127151489257812e+01
2.000000000000000000e+00 1.060426044464111328e+01 1.397127151489257812e+01
2.000000000000000000e+00 1.060426044464111328e+01 1.397127151489257812e+01
2.000000000000000000e+00 1.060426044464111328e+01 1.397127151489257812e+01
2.000000000000000000e+00 1.060426044464111328e+01 1.397127151489257812e+01
2.000000000000000000e+00 1.060426044464111328e+01 1.397127151489257812e+01
3.000000000000000000e+00 8.606772422790527344e+00 1.310597133636474609e+01
3.000000000000000000e+00 8.606772422790527344e+00 1.310597133636474609e+01
3.000000000000000000e+00 8.606772422790527344e+00 1.310597133636474609e+01
3.000000000000000000e+00 8.606772422790527344e+00 1.310597133636474609e+01
3.000000000000000000e+00 8.606772422790527344e+00 1.310597133636474609e+01
3.000000000000000000e+00 8.606772422790527344e+00 1.310597133636474609e+01
3.000000000000000000e+00 8.606772422790527344e+00 1.310597133636474609e+01
3.000000000000000000e+00 8.606772422790527344e+00 1.310597133636474609e+01
3.000000000000000000e+00 8.606772422790527344e+00 1.310597133636474609e+01
3.000000000000000000e+00 8.606772422790527344e+00 1.310597133636474609e+01
3.000000000000000000e+00 8.606772422790527344e+00 1.310597133636474609e+01
3.000000000000000000e+00 8.606772422790527344e+00 1.310597133636474609e+01
3.000000000000000000e+00 8.606772422790527344e+00 1.310597133636474609e+01
3.000000000000000000e+00 8.606772422790527344e+00 1.310597133636474609e+01
3.000000000000000000e+00 8.606772422790527344e+00 1.310597133636474609e+01
3.000000000000000000e+00 8.606772422790527344e+00 1.310597133636474609e+01
3.000000000000000000e+00 8.606772422790527344e+00 1.310597133636474609e+01
3.000000000000000000e+00 8.606772422790527344e+00 1.310597133636474609e+01
3.000000000000000000e+00 8.606772422790527344e+00 1.310597133636474609e+01
4.000000000000000000e+00 7.977068901062011719e+00 1.235537147521972656e+01
4.000000000000000000e+00 7.977068901062011719e+00 1.235537147521972656e+01
4.000000000000000000e+00 7.977068901062011719e+00 1.235537147521972656e+01
4.000000000000000000e+00 7.977068901062011719e+00 1.235537147521972656e+01
4.000000000000000000e+00 7.977068901062011719e+00 1.235537147521972656e+01
4.000000000000000000e+00 7.977068901062011719e+00 1.235537147521972656e+01
4.000000000000000000e+00 7.977068901062011719e+00 1.235537147521972656e+01
4.000000000000000000e+00 7.977068901062011719e+00 1.235537147521972656e+01
4.000000000000000000e+00 7.977068901062011719e+00 1.235537147521972656e+01
4.000000000000000000e+00 7.977068901062011719e+00 1.235537147521972656e+01
4.000000000000000000e+00 7.977068901062011719e+00 1.235537147521972656e+01
4.000000000000000000e+00 7.977068901062011719e+00 1.235537147521972656e+01
4.000000000000000000e+00 7.977068901062011719e+00 1.235537147521972656e+01
4.000000000000000000e+00 7.977068901062011719e+00 1.235537147521972656e+01
5.000000000000000000e+00 7.454581737518310547e+00 1.171114349365234375e+01
5.000000000000000000e+00 7.454581737518310547e+00 1.171114349365234375e+01
5.000000000000000000e+00 7.454581737518310547e+00 1.171114349365234375e+01
5.000000000000000000e+00 7.454581737518310547e+00 1.171114349365234375e+01
5.000000000000000000e+00 7.454581737518310547e+00 1.171114349365234375e+01
5.000000000000000000e+00 7.454581737518310547e+00 1.171114349365234375e+01
5.000000000000000000e+00 7.454581737518310547e+00 1.171114349365234375e+01
5.000000000000000000e+00 7.454581737518310547e+00 1.171114349365234375e+01
5.000000000000000000e+00 7.454581737518310547e+00 1.171114349365234375e+01
5.000000000000000000e+00 7.454581737518310547e+00 1.171114349365234375e+01
5.000000000000000000e+00 7.454581737518310547e+00 1.171114349365234375e+01
5.000000000000000000e+00 7.454581737518310547e+00 1.171114349365234375e+01
6.000000000000000000e+00 7.293271064758300781e+00 1.114046382904052734e+01
6.000000000000000000e+00 7.293271064758300781e+00 1.114046382904052734e+01
6.000000000000000000e+00 7.293271064758300781e+00 1.114046382904052734e+01
6.000000000000000000e+00 7.293271064758300781e+00 1.114046382904052734e+01
6.000000000000000000e+00 7.293271064758300781e+00 1.114046382904052734e+01
6.000000000000000000e+00 7.293271064758300781e+00 1.114046382904052734e+01
6.000000000000000000e+00 7.293271064758300781e+00 1.114046382904052734e+01
6.000000000000000000e+00 7.293271064758300781e+00 1.114046382904052734e+01
6.000000000000000000e+00 7.293271064758300781e+00 1.114046382904052734e+01
6.000000000000000000e+00 7.293271064758300781e+00 1.114046382904052734e+01
7.000000000000000000e+00 6.979449272155761719e+00 1.064597892761230469e+01
7.000000000000000000e+00 6.979449272155761719e+00 1.064597892761230469e+01
7.000000000000000000e+00 6.979449272155761719e+00 1.064597892761230469e+01
7.000000000000000000e+00 6.979449272155761719e+00 1.064597892761230469e+01
7.000000000000000000e+00 6.979449272155761719e+00 1.064597892761230469e+01
7.000000000000000000e+00 6.979449272155761719e+00 1.064597892761230469e+01
7.000000000000000000e+00 6.979449272155761719e+00 1.064597892761230469e+01
7.000000000000000000e+00 6.979449272155761719e+00 1.064597892761230469e+01
7.000000000000000000e+00 6.979449272155761719e+00 1.064597892761230469e+01
8.000000000000000000e+00 7.020056247711181641e+00 1.022003078460693359e+01
8.000000000000000000e+00 7.020056247711181641e+00 1.022003078460693359e+01
8.000000000000000000e+00 7.020056247711181641e+00 1.022003078460693359e+01
8.000000000000000000e+00 7.020056247711181641e+00 1.022003078460693359e+01
8.000000000000000000e+00 7.020056247711181641e+00 1.022003078460693359e+01
8.000000000000000000e+00 7.020056247711181641e+00 1.022003078460693359e+01
8.000000000000000000e+00 7.020056247711181641e+00 1.022003078460693359e+01
9.000000000000000000e+00 6.702641010284423828e+00 9.847247123718261719e+00
9.000000000000000000e+00 6.702641010284423828e+00 9.847247123718261719e+00
9.000000000000000000e+00 6.702641010284423828e+00 9.847247123718261719e+00
9.000000000000000000e+00 6.702641010284423828e+00 9.847247123718261719e+00
9.000000000000000000e+00 6.702641010284423828e+00 9.847247123718261719e+00
9.000000000000000000e+00 6.702641010284423828e+00 9.847247123718261719e+00
9.000000000000000000e+00 6.702641010284423828e+00 9.847247123718261719e+00
1.000000000000000000e+01 6.943767070770263672e+00 9.510581970214843750e+00
1.000000000000000000e+01 6.943767070770263672e+00 9.510581970214843750e+00
1.000000000000000000e+01 6.943767070770263672e+00 9.510581970214843750e+00
1.000000000000000000e+01 6.943767070770263672e+00 9.510581970214843750e+00
1.000000000000000000e+01 6.943767070770263672e+00 9.510581970214843750e+00
1.000000000000000000e+01 6.943767070770263672e+00 9.510581970214843750e+00
1.100000000000000000e+01 6.530246734619140625e+00 9.218782424926757812e+00
1.100000000000000000e+01 6.530246734619140625e+00 9.218782424926757812e+00
1.100000000000000000e+01 6.530246734619140625e+00 9.218782424926757812e+00
1.100000000000000000e+01 6.530246734619140625e+00 9.218782424926757812e+00
1.100000000000000000e+01 6.530246734619140625e+00 9.218782424926757812e+00
1.100000000000000000e+01 6.530246734619140625e+00 9.218782424926757812e+00
1.200000000000000000e+01 7.234036445617675781e+00 8.956624031066894531e+00
1.200000000000000000e+01 7.234036445617675781e+00 8.956624031066894531e+00
1.200000000000000000e+01 7.234036445617675781e+00 8.956624031066894531e+00
1.200000000000000000e+01 7.234036445617675781e+00 8.956624031066894531e+00
1.200000000000000000e+01 7.234036445617675781e+00 8.956624031066894531e+00
1.300000000000000000e+01 6.557286262512207031e+00 8.718667984008789062e+00
1.300000000000000000e+01 6.557286262512207031e+00 8.718667984008789062e+00
1.300000000000000000e+01 6.557286262512207031e+00 8.718667984008789062e+00
1.300000000000000000e+01 6.557286262512207031e+00 8.718667984008789062e+00
1.300000000000000000e+01 6.557286262512207031e+00 8.718667984008789062e+00
1.400000000000000000e+01 8.118330001831054688e+00 8.517333030700683594e+00
1.400000000000000000e+01 8.118330001831054688e+00 8.517333030700683594e+00
1.400000000000000000e+01 8.118330001831054688e+00 8.517333030700683594e+00
1.400000000000000000e+01 8.118330001831054688e+00 8.517333030700683594e+00
1.500000000000000000e+01 7.359827041625976562e+00 8.350693702697753906e+00
1.500000000000000000e+01 7.359827041625976562e+00 8.350693702697753906e+00
1.500000000000000000e+01 7.359827041625976562e+00 8.350693702697753906e+00
1.500000000000000000e+01 7.359827041625976562e+00 8.350693702697753906e+00
1.500000000000000000e+01 7.359827041625976562e+00 8.350693702697753906e+00
1.600000000000000000e+01 9.447265625000000000e+00 8.212272644042968750e+00
1.600000000000000000e+01 9.447265625000000000e+00 8.212272644042968750e+00
1.600000000000000000e+01 9.447265625000000000e+00 8.212272644042968750e+00
1.600000000000000000e+01 9.447265625000000000e+00 8.212272644042968750e+00
1.700000000000000000e+01 8.420420646667480469e+00 8.090804100036621094e+00
1.700000000000000000e+01 8.420420646667480469e+00 8.090804100036621094e+00
1.700000000000000000e+01 8.420420646667480469e+00 8.090804100036621094e+00
1.800000000000000000e+01 9.795585632324218750e+00 7.987991333007812500e+00
1.800000000000000000e+01 9.795585632324218750e+00 7.987991333007812500e+00
1.800000000000000000e+01 9.795585632324218750e+00 7.987991333007812500e+00
1.800000000000000000e+01 9.795585632324218750e+00 7.987991333007812500e+00
1.900000000000000000e+01 7.824200630187988281e+00 7.904745101928710938e+00
1.900000000000000000e+01 7.824200630187988281e+00 7.904745101928710938e+00
1.900000000000000000e+01 7.824200630187988281e+00 7.904745101928710938e+00
2.000000000000000000e+01 8.406600952148437500e+00 7.830032825469970703e+00
2.000000000000000000e+01 8.406600952148437500e+00 7.830032825469970703e+00
2.000000000000000000e+01 8.406600952148437500e+00 7.830032825469970703e+00
2.100000000000000000e+01 6.616078376770019531e+00 7.759431362152099609e+00
2.100000000000000000e+01 6.616078376770019531e+00 7.759431362152099609e+00
2.100000000000000000e+01 6.616078376770019531e+00 7.759431362152099609e+00
2.200000000000000000e+01 7.203977108001708984e+00 7.692644119262695312e+00
2.200000000000000000e+01 7.203977108001708984e+00 7.692644119262695312e+00
2.200000000000000000e+01 7.203977108001708984e+00 7.692644119262695312e+00
2.300000000000000000e+01 6.159020900726318359e+00 7.629348754882812500e+00
2.300000000000000000e+01 6.159020900726318359e+00 7.629348754882812500e+00
2.300000000000000000e+01 6.159020900726318359e+00 7.629348754882812500e+00
2.400000000000000000e+01 6.608633041381835938e+00 7.569292068481445312e+00
2.400000000000000000e+01 6.608633041381835938e+00 7.569292068481445312e+00
2.500000000000000000e+01 5.991652011871337891e+00 7.512187480926513672e+00
2.500000000000000000e+01 5.991652011871337891e+00 7.512187480926513672e+00
2.500000000000000000e+01 5.991652011871337891e+00 7.512187480926513672e+00
2.600000000000000000e+01 6.341051578521728516e+00 7.457802772521972656e+00
2.600000000000000000e+01 6.341051578521728516e+00 7.457802772521972656e+00
2.700000000000000000e+01 5.933528900146484375e+00 7.405735969543457031e+00
2.700000000000000000e+01 5.933528900146484375e+00 7.405735969543457031e+00
2.700000000000000000e+01 5.933528900146484375e+00 7.405735969543457031e+00
2.800000000000000000e+01 6.189982414245605469e+00 7.359302997589111328e+00
2.800000000000000000e+01 6.189982414245605469e+00 7.359302997589111328e+00
2.900000000000000000e+01 5.908800601959228516e+00 7.315579414367675781e+00
2.900000000000000000e+01 5.908800601959228516e+00 7.315579414367675781e+00
3.000000000000000000e+01 6.101045131683349609e+00 7.275620937347412109e+00
3.000000000000000000e+01 6.101045131683349609e+00 7.275620937347412109e+00
3.100000000000000000e+01 5.905888557434082031e+00 7.237057685852050781e+00
3.100000000000000000e+01 5.905888557434082031e+00 7.237057685852050781e+00
3.200000000000000000e+01 6.041641235351562500e+00 7.199779033660888672e+00
3.200000000000000000e+01 6.041641235351562500e+00 7.199779033660888672e+00
3.300000000000000000e+01 5.906930923461914062e+00 7.165235996246337891e+00
3.300000000000000000e+01 5.906930923461914062e+00 7.165235996246337891e+00
3.400000000000000000e+01 6.003205776214599609e+00 7.134111881256103516e+00
3.400000000000000000e+01 6.003205776214599609e+00 7.134111881256103516e+00
3.500000000000000000e+01 5.910106182098388672e+00 7.103818416595458984e+00
3.500000000000000000e+01 5.910106182098388672e+00 7.103818416595458984e+00
3.600000000000000000e+01 5.977373123168945312e+00 7.074374198913574219e+00
3.600000000000000000e+01 5.977373123168945312e+00 7.074374198913574219e+00
3.700000000000000000e+01 5.912331581115722656e+00 7.045876502990722656e+00
3.700000000000000000e+01 5.912331581115722656e+00 7.045876502990722656e+00
3.800000000000000000e+01 5.960122108459472656e+00 7.018011093139648438e+00
3.900000000000000000e+01 5.913192749023437500e+00 6.990945816040039062e+00
3.900000000000000000e+01 5.913192749023437500e+00 6.990945816040039062e+00
4.000000000000000000e+01 5.947381019592285156e+00 6.964561939239501953e+00
4.100000000000000000e+01 5.913400173187255859e+00 6.939018726348876953e+00
4.100000000000000000e+01 5.913400173187255859e+00 6.939018726348876953e+00
4.200000000000000000e+01 5.937626838684082031e+00 6.914254188537597656e+00
4.300000000000000000e+01 5.913116455078125000e+00 6.890544414520263672e+00
4.300000000000000000e+01 5.913116455078125000e+00 6.890544414520263672e+00
4.400000000000000000e+01 5.930219173431396484e+00 6.867381572723388672e+00
4.500000000000000000e+01 5.912205219268798828e+00 6.844772815704345703e+00
4.500000000000000000e+01 5.912205219268798828e+00 6.844772815704345703e+00
4.600000000000000000e+01 5.924388408660888672e+00 6.822594165802001953e+00
4.700000000000000000e+01 5.911211013793945312e+00 6.800918102264404297e+00
4.700000000000000000e+01 5.911211013793945312e+00 6.800918102264404297e+00
4.800000000000000000e+01 5.919877529144287109e+00 6.779702663421630859e+00
4.900000000000000000e+01 5.910027027130126953e+00 6.759087085723876953e+00
5.000000000000000000e+01 5.916321277618408203e+00 6.739591598510742188e+00
5.000000000000000000e+01 5.916321277618408203e+00 6.739591598510742188e+00
5.100000000000000000e+01 5.908912181854248047e+00 6.720765590667724609e+00
5.200000000000000000e+01 5.913342475891113281e+00 6.702227115631103516e+00
5.300000000000000000e+01 5.907849788665771484e+00 6.684221267700195312e+00
5.400000000000000000e+01 5.910988330841064453e+00 6.666529655456542969e+00
5.500000000000000000e+01 5.906800746917724609e+00 6.649824142456054688e+00
5.500000000000000000e+01 5.906800746917724609e+00 6.649824142456054688e+00
5.600000000000000000e+01 5.909064292907714844e+00 6.633400440216064453e+00
5.700000000000000000e+01 5.905872344970703125e+00 6.617252826690673828e+00
5.800000000000000000e+01 5.907469272613525391e+00 6.601520538330078125e+00
5.900000000000000000e+01 5.905029773712158203e+00 6.586094856262207031e+00
6.000000000000000000e+01 5.906159877777099609e+00 6.570922851562500000e+00
6.100000000000000000e+01 5.904279232025146484e+00 6.556091308593750000e+00
6.200000000000000000e+01 5.905052661895751953e+00 6.541586399078369141e+00
6.300000000000000000e+01 5.903623104095458984e+00 6.527297496795654297e+00
6.400000000000000000e+01 5.904129028320312500e+00 6.513390541076660156e+00
6.500000000000000000e+01 5.903041362762451172e+00 6.499726772308349609e+00
6.600000000000000000e+01 5.903385162353515625e+00 6.486320972442626953e+00
6.700000000000000000e+01 5.902518749237060547e+00 6.473212718963623047e+00
6.800000000000000000e+01 5.902736663818359375e+00 6.460322856903076172e+00
6.900000000000000000e+01 5.902058124542236328e+00 6.447570800781250000e+00
7.000000000000000000e+01 5.902191638946533203e+00 6.435222148895263672e+00
7.100000000000000000e+01 5.901662826538085938e+00 6.423874378204345703e+00
7.200000000000000000e+01 5.901732921600341797e+00 6.412660598754882812e+00
7.300000000000000000e+01 5.901305675506591797e+00 6.401619911193847656e+00
7.500000000000000000e+01 5.901002407073974609e+00 6.380288124084472656e+00
7.600000000000000000e+01 5.900992870330810547e+00 6.369976043701171875e+00
7.700000000000000000e+01 5.900730133056640625e+00 6.359846115112304688e+00
7.800000000000000000e+01 5.900709629058837891e+00 6.349913120269775391e+00
7.900000000000000000e+01 5.900488376617431641e+00 6.340179443359375000e+00
8.100000000000000000e+01 5.900282382965087891e+00 6.321229934692382812e+00
8.200000000000000000e+01 5.900241851806640625e+00 6.312092781066894531e+00
8.300000000000000000e+01 5.900102615356445312e+00 6.303089141845703125e+00
8.400000000000000000e+01 5.900056838989257812e+00 6.294305324554443359e+00
8.600000000000000000e+01 5.899896144866943359e+00 6.277196884155273438e+00
8.700000000000000000e+01 5.899803638458251953e+00 6.268769741058349609e+00
8.900000000000000000e+01 5.899680614471435547e+00 6.252624511718750000e+00
9.000000000000000000e+01 5.899640083312988281e+00 6.244825363159179688e+00
9.100000000000000000e+01 5.899572372436523438e+00 6.237193107604980469e+00
9.300000000000000000e+01 5.899479866027832031e+00 6.222253322601318359e+00
9.400000000000000000e+01 5.899444103240966797e+00 6.215075492858886719e+00
9.600000000000000000e+01 5.899366378784179688e+00 6.200982093811035156e+00
9.700000000000000000e+01 5.899326324462890625e+00 6.194154262542724609e+00
9.900000000000000000e+01 5.899263381958007812e+00 6.180781841278076172e+00
1.000000000000000000e+02 5.899239063262939453e+00 6.174328804016113281e+00
1.020000000000000000e+02 5.899186611175537109e+00 6.161872386932373047e+00
1.030000000000000000e+02 5.899160861968994141e+00 6.155962944030761719e+00
1.050000000000000000e+02 5.899118423461914062e+00 6.144799232482910156e+00
1.070000000000000000e+02 5.899082183837890625e+00 6.134592056274414062e+00
1.080000000000000000e+02 5.899067401885986328e+00 6.129585742950439453e+00
1.100000000000000000e+02 5.899036884307861328e+00 6.119821548461914062e+00
1.120000000000000000e+02 5.899010658264160156e+00 6.110436439514160156e+00
1.140000000000000000e+02 5.898987293243408203e+00 6.101320743560791016e+00
1.150000000000000000e+02 5.898976325988769531e+00 6.096905708312988281e+00
1.170000000000000000e+02 5.898956775665283203e+00 6.088263034820556641e+00
1.190000000000000000e+02 5.898940563201904297e+00 6.079813957214355469e+00
1.210000000000000000e+02 5.898926258087158203e+00 6.071738719940185547e+00
1.230000000000000000e+02 5.898912906646728516e+00 6.064730644226074219e+00
1.250000000000000000e+02 5.898902416229248047e+00 6.058073520660400391e+00
1.270000000000000000e+02 5.898892402648925781e+00 6.051688194274902344e+00
1.290000000000000000e+02 5.898884296417236328e+00 6.045443534851074219e+00
1.310000000000000000e+02 5.898877143859863281e+00 6.039413452148437500e+00
1.330000000000000000e+02 5.898869514465332031e+00 6.034029483795166016e+00
1.350000000000000000e+02 5.898864269256591797e+00 6.028848171234130859e+00
1.370000000000000000e+02 5.898859024047851562e+00 6.023816108703613281e+00
1.390000000000000000e+02 5.898854255676269531e+00 6.018962383270263672e+00
1.410000000000000000e+02 5.898850917816162109e+00 6.014202117919921875e+00
1.430000000000000000e+02 5.898847103118896484e+00 6.009654045104980469e+00
1.460000000000000000e+02 5.898843288421630859e+00 6.002988338470458984e+00
1.480000000000000000e+02 5.898840427398681641e+00 5.998746395111083984e+00
1.500000000000000000e+02 5.898838520050048828e+00 5.994598865509033203e+00
1.530000000000000000e+02 5.898835659027099609e+00 5.988581657409667969e+00
1.550000000000000000e+02 5.898833751678466797e+00 5.984727382659912109e+00
1.570000000000000000e+02 5.898832321166992188e+00 5.980944633483886719e+00
1.600000000000000000e+02 5.898830413818359375e+00 5.975536346435546875e+00
1.620000000000000000e+02 5.898829936981201172e+00 5.972047328948974609e+00
1.650000000000000000e+02 5.898828506469726562e+00 5.966938972473144531e+00
1.670000000000000000e+02 5.898828029632568359e+00 5.963693141937255859e+00
1.700000000000000000e+02 5.898826122283935547e+00 5.958915233612060547e+00
1.730000000000000000e+02 5.898826122283935547e+00 5.954324245452880859e+00
1.750000000000000000e+02 5.898825645446777344e+00 5.951346874237060547e+00
1.780000000000000000e+02 5.898825645446777344e+00 5.947064876556396484e+00
1.810000000000000000e+02 5.898825168609619141e+00 5.942945480346679688e+00
1.840000000000000000e+02 5.898824691772460938e+00 5.939012050628662109e+00
1.870000000000000000e+02 5.898823738098144531e+00 5.935236930847167969e+00
1.900000000000000000e+02 5.898823738098144531e+00 5.931584358215332031e+00
1.930000000000000000e+02 5.898823738098144531e+00 5.928106784820556641e+00
1.960000000000000000e+02 5.898823738098144531e+00 5.924752712249755859e+00
1.990000000000000000e+02 5.898823261260986328e+00 5.921504020690917969e+00
2.020000000000000000e+02 5.898823261260986328e+00 5.918470382690429688e+00
2.050000000000000000e+02 5.898823261260986328e+00 5.915576934814453125e+00
2.080000000000000000e+02 5.898823261260986328e+00 5.912754535675048828e+00
2.110000000000000000e+02 5.898823261260986328e+00 5.910067081451416016e+00
2.150000000000000000e+02 5.898822784423828125e+00 5.906633853912353516e+00
2.180000000000000000e+02 5.898822784423828125e+00 5.904148578643798828e+00
2.210000000000000000e+02 5.898822784423828125e+00 5.901771068572998047e+00
2.250000000000000000e+02 5.898823261260986328e+00 5.898729324340820312e+00
2.280000000000000000e+02 5.898822784423828125e+00 5.896542549133300781e+00
2.320000000000000000e+02 5.898822784423828125e+00 5.893742561340332031e+00
2.360000000000000000e+02 5.898822784423828125e+00 5.891045570373535156e+00
2.390000000000000000e+02 5.898822784423828125e+00 5.889131546020507812e+00
2.430000000000000000e+02 5.898822784423828125e+00 5.886666774749755859e+00
2.470000000000000000e+02 5.898822784423828125e+00 5.884315013885498047e+00
2.510000000000000000e+02 5.898822784423828125e+00 5.882076263427734375e+00
2.550000000000000000e+02 5.898822784423828125e+00 5.879931449890136719e+00
2.590000000000000000e+02 5.898822784423828125e+00 5.877881526947021484e+00
2.630000000000000000e+02 5.898822784423828125e+00 5.875924587249755859e+00
2.670000000000000000e+02 5.898822784423828125e+00 5.874048233032226562e+00
2.710000000000000000e+02 5.898822784423828125e+00 5.872266292572021484e+00
2.750000000000000000e+02 5.898822784423828125e+00 5.870548248291015625e+00
2.790000000000000000e+02 5.898822784423828125e+00 5.868906974792480469e+00
2.840000000000000000e+02 5.898822784423828125e+00 5.866951465606689453e+00
2.880000000000000000e+02 5.898822784423828125e+00 5.865460395812988281e+00
2.930000000000000000e+02 5.898822784423828125e+00 5.863679885864257812e+00
2.970000000000000000e+02 5.898822784423828125e+00 5.862330436706542969e+00
3.020000000000000000e+02 5.898822784423828125e+00 5.860713958740234375e+00
3.070000000000000000e+02 5.898822784423828125e+00 5.859182834625244141e+00
3.110000000000000000e+02 5.898822784423828125e+00 5.858023643493652344e+00
3.160000000000000000e+02 5.898822784423828125e+00 5.856624603271484375e+00
3.210000000000000000e+02 5.898822784423828125e+00 5.855300426483154297e+00
3.260000000000000000e+02 5.898822784423828125e+00 5.854043006896972656e+00
3.310000000000000000e+02 5.898822784423828125e+00 5.852846145629882812e+00
3.360000000000000000e+02 5.898822784423828125e+00 5.851703643798828125e+00
3.420000000000000000e+02 5.898822784423828125e+00 5.850416183471679688e+00
3.470000000000000000e+02 5.898822784423828125e+00 5.849396228790283203e+00
3.530000000000000000e+02 5.898822784423828125e+00 5.848229408264160156e+00
3.580000000000000000e+02 5.898822784423828125e+00 5.847311496734619141e+00
3.640000000000000000e+02 5.898822784423828125e+00 5.846263885498046875e+00
3.690000000000000000e+02 5.898822784423828125e+00 5.845431327819824219e+00
3.750000000000000000e+02 5.898822784423828125e+00 5.844484329223632812e+00
3.810000000000000000e+02 5.898822784423828125e+00 5.843589305877685547e+00
3.870000000000000000e+02 5.898822784423828125e+00 5.842740058898925781e+00
3.930000000000000000e+02 5.898822784423828125e+00 5.841936111450195312e+00
3.990000000000000000e+02 5.898822784423828125e+00 5.841173171997070312e+00
4.050000000000000000e+02 5.898822784423828125e+00 5.840452194213867188e+00
4.120000000000000000e+02 5.898822784423828125e+00 5.839656829833984375e+00
4.180000000000000000e+02 5.898822784423828125e+00 5.839014053344726562e+00
4.250000000000000000e+02 5.898822784423828125e+00 5.838302612304687500e+00
4.310000000000000000e+02 5.898822784423828125e+00 5.837729454040527344e+00
4.380000000000000000e+02 5.898822784423828125e+00 5.837095737457275391e+00
4.450000000000000000e+02 5.898823261260986328e+00 5.836497306823730469e+00
4.520000000000000000e+02 5.898823261260986328e+00 5.835934638977050781e+00
4.590000000000000000e+02 5.898823261260986328e+00 5.835402011871337891e+00
4.660000000000000000e+02 5.898822784423828125e+00 5.834898471832275391e+00
4.730000000000000000e+02 5.898822784423828125e+00 5.834423065185546875e+00
4.810000000000000000e+02 5.898823261260986328e+00 5.833913803100585938e+00
4.880000000000000000e+02 5.898822784423828125e+00 5.833494663238525391e+00
4.960000000000000000e+02 5.898822784423828125e+00 5.833043098449707031e+00
5.030000000000000000e+02 5.898822784423828125e+00 5.832671642303466797e+00
5.110000000000000000e+02 5.898822784423828125e+00 5.832271575927734375e+00
5.190000000000000000e+02 5.898822784423828125e+00 5.831896781921386719e+00
5.270000000000000000e+02 5.898822784423828125e+00 5.831544876098632812e+00
5.360000000000000000e+02 5.898822784423828125e+00 5.831173896789550781e+00
5.440000000000000000e+02 5.898822784423828125e+00 5.830864906311035156e+00
5.530000000000000000e+02 5.898822784423828125e+00 5.830540180206298828e+00
5.610000000000000000e+02 5.898822784423828125e+00 5.830269813537597656e+00
5.700000000000000000e+02 5.898822784423828125e+00 5.829983711242675781e+00
5.790000000000000000e+02 5.898822784423828125e+00 5.829717636108398438e+00
5.880000000000000000e+02 5.898822784423828125e+00 5.829466342926025391e+00
5.970000000000000000e+02 5.898822784423828125e+00 5.829233169555664062e+00
6.060000000000000000e+02 5.898822784423828125e+00 5.829014778137207031e+00
6.160000000000000000e+02 5.898822784423828125e+00 5.828789234161376953e+00
6.250000000000000000e+02 5.898822784423828125e+00 5.828599929809570312e+00
6.350000000000000000e+02 5.898822784423828125e+00 5.828401565551757812e+00
6.450000000000000000e+02 5.898822784423828125e+00 5.828218936920166016e+00
6.550000000000000000e+02 5.898822784423828125e+00 5.828049182891845703e+00
6.650000000000000000e+02 5.898822784423828125e+00 5.827891349792480469e+00
6.760000000000000000e+02 5.898822784423828125e+00 5.827729701995849609e+00
6.860000000000000000e+02 5.898822784423828125e+00 5.827593326568603516e+00
6.970000000000000000e+02 5.898822784423828125e+00 5.827453136444091797e+00
7.080000000000000000e+02 5.898823261260986328e+00 5.827324390411376953e+00
7.190000000000000000e+02 5.898822784423828125e+00 5.827205657958984375e+00
7.300000000000000000e+02 5.898823261260986328e+00 5.827094554901123047e+00
7.420000000000000000e+02 5.898822784423828125e+00 5.826984405517578125e+00
7.530000000000000000e+02 5.898822784423828125e+00 5.826890468597412109e+00
7.650000000000000000e+02 5.898822784423828125e+00 5.826795578002929688e+00
7.770000000000000000e+02 5.898822784423828125e+00 5.826708793640136719e+00
7.890000000000000000e+02 5.898822784423828125e+00 5.826629638671875000e+00
8.010000000000000000e+02 5.898822784423828125e+00 5.826555728912353516e+00
8.140000000000000000e+02 5.898822784423828125e+00 5.826482772827148438e+00
8.270000000000000000e+02 5.898822784423828125e+00 5.826415538787841797e+00
8.390000000000000000e+02 5.898822784423828125e+00 5.826358795166015625e+00
8.530000000000000000e+02 5.898822784423828125e+00 5.826297760009765625e+00
8.660000000000000000e+02 5.898822784423828125e+00 5.826246261596679688e+00
8.790000000000000000e+02 5.898822784423828125e+00 5.826199531555175781e+00
8.930000000000000000e+02 5.898822784423828125e+00 5.826152801513671875e+00
9.070000000000000000e+02 5.898822784423828125e+00 5.826110363006591797e+00
9.210000000000000000e+02 5.898822784423828125e+00 5.826071262359619141e+00
9.360000000000000000e+02 5.898822784423828125e+00 5.826033115386962891e+00
9.500000000000000000e+02 5.898822784423828125e+00 5.826001644134521484e+00
9.650000000000000000e+02 5.898822784423828125e+00 5.825970649719238281e+00
9.800000000000000000e+02 5.898822784423828125e+00 5.825942993164062500e+00
9.950000000000000000e+02 5.898822784423828125e+00 5.825917243957519531e+00
1.011000000000000000e+03 5.898822784423828125e+00 5.825893402099609375e+00
1.027000000000000000e+03 5.898822784423828125e+00 5.825872898101806641e+00
1.043000000000000000e+03 5.898822784423828125e+00 5.825853347778320312e+00
1.059000000000000000e+03 5.898822784423828125e+00 5.825834751129150391e+00
1.075000000000000000e+03 5.898821830749511719e+00 5.825820446014404297e+00
1.092000000000000000e+03 5.898822784423828125e+00 5.825803756713867188e+00
1.109000000000000000e+03 5.898823261260986328e+00 5.825790405273437500e+00
1.127000000000000000e+03 5.898822784423828125e+00 5.825777053833007812e+00
1.144000000000000000e+03 5.898823261260986328e+00 5.825765609741210938e+00
1.162000000000000000e+03 5.898822784423828125e+00 5.825755119323730469e+00
1.180000000000000000e+03 5.898823261260986328e+00 5.825745105743408203e+00
1.199000000000000000e+03 5.898822784423828125e+00 5.825736522674560547e+00
1.217000000000000000e+03 5.898822784423828125e+00 5.825727939605712891e+00
1.236000000000000000e+03 5.898822784423828125e+00 5.825721263885498047e+00
1.256000000000000000e+03 5.898822784423828125e+00 5.825714588165283203e+00
1.275000000000000000e+03 5.898822784423828125e+00 5.825708389282226562e+00
1.295000000000000000e+03 5.898822784423828125e+00 5.825703620910644531e+00
1.315000000000000000e+03 5.898823261260986328e+00 5.825700283050537109e+00
1.336000000000000000e+03 5.898822784423828125e+00 5.825696468353271484e+00
1.357000000000000000e+03 5.898822784423828125e+00 5.825694084167480469e+00
1.378000000000000000e+03 5.898822784423828125e+00 5.825692176818847656e+00
1.399000000000000000e+03 5.898823261260986328e+00 5.825690269470214844e+00
1.421000000000000000e+03 5.898822784423828125e+00 5.825687885284423828e+00
1.443000000000000000e+03 5.898823261260986328e+00 5.825686454772949219e+00
1.466000000000000000e+03 5.898823261260986328e+00 5.825685024261474609e+00
1.489000000000000000e+03 5.898822784423828125e+00 5.825683593750000000e+00
1.512000000000000000e+03 5.898822784423828125e+00 5.825682163238525391e+00
1.536000000000000000e+03 5.898823261260986328e+00 5.825681686401367188e+00
1.560000000000000000e+03 5.898823261260986328e+00 5.825681209564208984e+00
1.584000000000000000e+03 5.898823261260986328e+00 5.825680732727050781e+00
1.609000000000000000e+03 5.898822784423828125e+00 5.825679302215576172e+00
1.634000000000000000e+03 5.898823261260986328e+00 5.825678825378417969e+00
1.659000000000000000e+03 5.898822784423828125e+00 5.825677871704101562e+00
1.685000000000000000e+03 5.898823261260986328e+00 5.825678825378417969e+00
1.711000000000000000e+03 5.898823261260986328e+00 5.825677394866943359e+00
1.738000000000000000e+03 5.898823261260986328e+00 5.825677394866943359e+00
1.765000000000000000e+03 5.898822784423828125e+00 5.825676918029785156e+00
1.793000000000000000e+03 5.898823261260986328e+00 5.825676918029785156e+00
1.821000000000000000e+03 5.898822784423828125e+00 5.825676918029785156e+00
1.849000000000000000e+03 5.898822784423828125e+00 5.825676918029785156e+00
1.878000000000000000e+03 5.898821830749511719e+00 5.825676441192626953e+00
1.907000000000000000e+03 5.898822784423828125e+00 5.825676918029785156e+00
1.937000000000000000e+03 5.898822784423828125e+00 5.825676441192626953e+00
1.967000000000000000e+03 5.898822784423828125e+00 5.825676441192626953e+00
1.998000000000000000e+03 5.898822784423828125e+00 5.825675010681152344e+00
2.029000000000000000e+03 5.898822784423828125e+00 5.825676441192626953e+00
2.061000000000000000e+03 5.898822784423828125e+00 5.825675010681152344e+00
2.093000000000000000e+03 5.898822784423828125e+00 5.825675010681152344e+00
2.126000000000000000e+03 5.898822784423828125e+00 5.825675010681152344e+00
2.159000000000000000e+03 5.898822784423828125e+00 5.825675487518310547e+00
2.192000000000000000e+03 5.898822784423828125e+00 5.825675010681152344e+00
2.227000000000000000e+03 5.898822784423828125e+00 5.825675010681152344e+00
2.261000000000000000e+03 5.898822784423828125e+00 5.825675010681152344e+00
2.297000000000000000e+03 5.898822784423828125e+00 5.825675487518310547e+00
2.333000000000000000e+03 5.898822784423828125e+00 5.825675010681152344e+00
2.369000000000000000e+03 5.898822784423828125e+00 5.825675010681152344e+00
2.406000000000000000e+03 5.898822784423828125e+00 5.825675010681152344e+00
2.443000000000000000e+03 5.898823261260986328e+00 5.825675010681152344e+00
2.482000000000000000e+03 5.898822784423828125e+00 5.825675010681152344e+00
2.520000000000000000e+03 5.898822784423828125e+00 5.825674057006835938e+00
2.560000000000000000e+03 5.898822784423828125e+00 5.825674057006835938e+00
2.600000000000000000e+03 5.898822784423828125e+00 5.825675010681152344e+00
2.640000000000000000e+03 5.898822784423828125e+00 5.825674533843994141e+00
2.681000000000000000e+03 5.898822784423828125e+00 5.825674057006835938e+00
2.723000000000000000e+03 5.898822784423828125e+00 5.825674533843994141e+00
2.766000000000000000e+03 5.898822784423828125e+00 5.825675010681152344e+00
2.809000000000000000e+03 5.898822784423828125e+00 5.825674057006835938e+00
2.853000000000000000e+03 5.898822784423828125e+00 5.825674057006835938e+00
2.897000000000000000e+03 5.898822784423828125e+00 5.825674057006835938e+00
2.942000000000000000e+03 5.898822784423828125e+00 5.825674057006835938e+00
2.988000000000000000e+03 5.898822784423828125e+00 5.825674057006835938e+00
3.035000000000000000e+03 5.898822784423828125e+00 5.825674533843994141e+00
3.082000000000000000e+03 5.898822784423828125e+00 5.825674533843994141e+00
3.130000000000000000e+03 5.898822784423828125e+00 5.825674057006835938e+00
3.179000000000000000e+03 5.898822784423828125e+00 5.825674057006835938e+00
3.229000000000000000e+03 5.898822784423828125e+00 5.825674057006835938e+00
3.279000000000000000e+03 5.898822784423828125e+00 5.825674057006835938e+00
3.330000000000000000e+03 5.898822784423828125e+00 5.825674057006835938e+00
3.382000000000000000e+03 5.898822784423828125e+00 5.825674057006835938e+00
3.435000000000000000e+03 5.898822784423828125e+00 5.825673103332519531e+00
3.489000000000000000e+03 5.898822784423828125e+00 5.825674057006835938e+00
3.543000000000000000e+03 5.898822784423828125e+00 5.825673103332519531e+00
3.598000000000000000e+03 5.898822784423828125e+00 5.825673103332519531e+00
3.654000000000000000e+03 5.898822784423828125e+00 5.825673103332519531e+00
3.711000000000000000e+03 5.898822784423828125e+00 5.825673103332519531e+00
3.769000000000000000e+03 5.898822784423828125e+00 5.825673103332519531e+00
3.828000000000000000e+03 5.898822784423828125e+00 5.825673103332519531e+00
3.888000000000000000e+03 5.898822784423828125e+00 5.825673103332519531e+00
3.948000000000000000e+03 5.898822784423828125e+00 5.825673103332519531e+00
4.010000000000000000e+03 5.898822784423828125e+00 5.825673103332519531e+00
4.073000000000000000e+03 5.898822784423828125e+00 5.825673103332519531e+00
4.136000000000000000e+03 5.898822784423828125e+00 5.825673103332519531e+00
4.201000000000000000e+03 5.898822784423828125e+00 5.825672626495361328e+00
4.266000000000000000e+03 5.898822784423828125e+00 5.825673103332519531e+00
4.333000000000000000e+03 5.898822784423828125e+00 5.825672626495361328e+00
4.400000000000000000e+03 5.898822784423828125e+00 5.825672626495361328e+00
4.469000000000000000e+03 5.898822784423828125e+00 5.825672626495361328e+00
4.539000000000000000e+03 5.898822784423828125e+00 5.825672626495361328e+00
4.610000000000000000e+03 5.898822784423828125e+00 5.825672626495361328e+00
4.682000000000000000e+03 5.898822784423828125e+00 5.825672626495361328e+00
4.755000000000000000e+03 5.898822784423828125e+00 5.825672149658203125e+00
4.829000000000000000e+03 5.898822784423828125e+00 5.825672626495361328e+00
4.904000000000000000e+03 5.898822784423828125e+00 5.825672626495361328e+00
4.981000000000000000e+03 5.898822784423828125e+00 5.825672626495361328e+00
5.058000000000000000e+03 5.898822784423828125e+00 5.825672149658203125e+00
5.137000000000000000e+03 5.898823261260986328e+00 5.825672149658203125e+00
5.217000000000000000e+03 5.898822784423828125e+00 5.825672626495361328e+00
5.299000000000000000e+03 5.898822784423828125e+00 5.825672149658203125e+00
5.381000000000000000e+03 5.898822784423828125e+00 5.825672149658203125e+00
5.465000000000000000e+03 5.898822784423828125e+00 5.825672149658203125e+00
5.551000000000000000e+03 5.898822784423828125e+00 5.825672149658203125e+00
5.637000000000000000e+03 5.898822784423828125e+00 5.825672149658203125e+00
5.725000000000000000e+03 5.898822784423828125e+00 5.825672149658203125e+00
5.814000000000000000e+03 5.898822784423828125e+00 5.825672149658203125e+00
5.905000000000000000e+03 5.898822784423828125e+00 5.825672149658203125e+00
5.997000000000000000e+03 5.898822784423828125e+00 5.825672149658203125e+00
6.091000000000000000e+03 5.898822784423828125e+00 5.825672149658203125e+00
6.186000000000000000e+03 5.898822784423828125e+00 5.825672149658203125e+00
6.282000000000000000e+03 5.898822784423828125e+00 5.825672149658203125e+00
6.380000000000000000e+03 5.898822784423828125e+00 5.825672149658203125e+00
6.480000000000000000e+03 5.898822784423828125e+00 5.825672149658203125e+00
6.581000000000000000e+03 5.898822784423828125e+00 5.825671195983886719e+00
6.684000000000000000e+03 5.898822784423828125e+00 5.825671195983886719e+00
6.788000000000000000e+03 5.898822784423828125e+00 5.825671195983886719e+00
6.894000000000000000e+03 5.898821830749511719e+00 5.825671195983886719e+00
7.001000000000000000e+03 5.898821830749511719e+00 5.825670242309570312e+00
7.111000000000000000e+03 5.898822784423828125e+00 5.825670242309570312e+00
7.222000000000000000e+03 5.898823261260986328e+00 5.825670242309570312e+00
7.334000000000000000e+03 5.898822784423828125e+00 5.825670242309570312e+00
7.449000000000000000e+03 5.898822784423828125e+00 5.825670242309570312e+00
7.565000000000000000e+03 5.898822784423828125e+00 5.825670242309570312e+00
7.683000000000000000e+03 5.898822784423828125e+00 5.825670242309570312e+00
7.803000000000000000e+03 5.898822784423828125e+00 5.825670242309570312e+00
7.924000000000000000e+03 5.898822784423828125e+00 5.825670242309570312e+00
8.048000000000000000e+03 5.898822784423828125e+00 5.825670242309570312e+00
8.174000000000000000e+03 5.898822784423828125e+00 5.825670242309570312e+00
8.301000000000000000e+03 5.898822784423828125e+00 5.825670242309570312e+00
8.431000000000000000e+03 5.898822784423828125e+00 5.825670242309570312e+00
8.562000000000000000e+03 5.898822784423828125e+00 5.825670242309570312e+00
8.696000000000000000e+03 5.898822784423828125e+00 5.825670242309570312e+00
8.831000000000000000e+03 5.898822784423828125e+00 5.825670242309570312e+00
8.969000000000000000e+03 5.898822784423828125e+00 5.825670242309570312e+00
9.109000000000000000e+03 5.898822784423828125e+00 5.825670242309570312e+00
9.251000000000000000e+03 5.898822784423828125e+00 5.825670242309570312e+00
9.395000000000000000e+03 5.898822784423828125e+00 5.825670242309570312e+00
9.542000000000000000e+03 5.898822784423828125e+00 5.825670242309570312e+00
9.691000000000000000e+03 5.898822784423828125e+00 5.825670242309570312e+00
9.842000000000000000e+03 5.898822784423828125e+00 5.825670242309570312e+00
9.996000000000000000e+03 5.898822784423828125e+00 5.825670242309570312e+00
1.015200000000000000e+04 5.898822784423828125e+00 5.825670242309570312e+00
1.031000000000000000e+04 5.898822784423828125e+00 5.825670242309570312e+00
1.047100000000000000e+04 5.898822784423828125e+00 5.825670242309570312e+00
1.063400000000000000e+04 5.898822784423828125e+00 5.825670242309570312e+00
1.080000000000000000e+04 5.898821830749511719e+00 5.825669765472412109e+00
1.096800000000000000e+04 5.898822784423828125e+00 5.825670242309570312e+00
1.114000000000000000e+04 5.898821830749511719e+00 5.825670242309570312e+00
1.131300000000000000e+04 5.898821830749511719e+00 5.825670242309570312e+00
1.149000000000000000e+04 5.898822784423828125e+00 5.825670242309570312e+00
1.166900000000000000e+04 5.898822784423828125e+00 5.825670242309570312e+00
1.185100000000000000e+04 5.898822784423828125e+00 5.825669765472412109e+00
1.203600000000000000e+04 5.898822784423828125e+00 5.825670242309570312e+00
1.222400000000000000e+04 5.898822784423828125e+00 5.825670242309570312e+00
1.241400000000000000e+04 5.898821830749511719e+00 5.825670242309570312e+00
1.260800000000000000e+04 5.898822784423828125e+00 5.825670242309570312e+00
1.280500000000000000e+04 5.898821830749511719e+00 5.825670242309570312e+00
1.300500000000000000e+04 5.898822784423828125e+00 5.825669765472412109e+00
1.320700000000000000e+04 5.898822784423828125e+00 5.825670242309570312e+00
1.341300000000000000e+04 5.898822784423828125e+00 5.825670242309570312e+00
1.362300000000000000e+04 5.898822784423828125e+00 5.825669765472412109e+00
1.383500000000000000e+04 5.898822784423828125e+00 5.825670242309570312e+00
1.405100000000000000e+04 5.898822784423828125e+00 5.825670242309570312e+00
1.427000000000000000e+04 5.898822784423828125e+00 5.825670242309570312e+00
1.449300000000000000e+04 5.898822784423828125e+00 5.825670242309570312e+00
1.471900000000000000e+04 5.898822784423828125e+00 5.825669765472412109e+00
1.494900000000000000e+04 5.898822784423828125e+00 5.825669765472412109e+00
1.518200000000000000e+04 5.898821830749511719e+00 5.825669765472412109e+00
1.541900000000000000e+04 5.898822784423828125e+00 5.825669765472412109e+00
1.565900000000000000e+04 5.898822784423828125e+00 5.825669765472412109e+00
1.590300000000000000e+04 5.898822784423828125e+00 5.825669765472412109e+00
1.615100000000000000e+04 5.898822784423828125e+00 5.825669765472412109e+00
1.640300000000000000e+04 5.898822784423828125e+00 5.825669765472412109e+00
1.665900000000000000e+04 5.898822784423828125e+00 5.825669765472412109e+00
1.691900000000000000e+04 5.898822784423828125e+00 5.825670242309570312e+00
1.718300000000000000e+04 5.898822784423828125e+00 5.825669765472412109e+00
1.745100000000000000e+04 5.898822784423828125e+00 5.825669765472412109e+00
1.772300000000000000e+04 5.898822784423828125e+00 5.825669765472412109e+00
1.800000000000000000e+04 5.898822784423828125e+00 5.825669765472412109e+00
1.828100000000000000e+04 5.898822784423828125e+00 5.825669765472412109e+00
1.856600000000000000e+04 5.898822784423828125e+00 5.825668811798095703e+00
1.885600000000000000e+04 5.898822784423828125e+00 5.825668811798095703e+00
1.915000000000000000e+04 5.898823261260986328e+00 5.825668811798095703e+00
1.944800000000000000e+04 5.898822784423828125e+00 5.825668811798095703e+00
1.975200000000000000e+04 5.898822784423828125e+00 5.825668811798095703e+00
2.006000000000000000e+04 5.898822784423828125e+00 5.825668811798095703e+00
2.037300000000000000e+04 5.898822784423828125e+00 5.825668811798095703e+00
2.069100000000000000e+04 5.898822784423828125e+00 5.825668811798095703e+00
2.101300000000000000e+04 5.898822784423828125e+00 5.825668811798095703e+00
2.134100000000000000e+04 5.898822784423828125e+00 5.825668811798095703e+00
2.167400000000000000e+04 5.898822784423828125e+00 5.825668811798095703e+00
2.201200000000000000e+04 5.898822784423828125e+00 5.825668811798095703e+00
2.235600000000000000e+04 5.898822784423828125e+00 5.825668811798095703e+00
2.270400000000000000e+04 5.898822784423828125e+00 5.825668811798095703e+00
2.305900000000000000e+04 5.898821830749511719e+00 5.825668811798095703e+00
2.341800000000000000e+04 5.898822784423828125e+00 5.825668811798095703e+00
2.378400000000000000e+04 5.898821830749511719e+00 5.825668811798095703e+00
2.415500000000000000e+04 5.898822784423828125e+00 5.825668811798095703e+00
2.453100000000000000e+04 5.898822784423828125e+00 5.825668811798095703e+00
2.491400000000000000e+04 5.898822784423828125e+00 5.825668811798095703e+00
2.530300000000000000e+04 5.898822784423828125e+00 5.825668811798095703e+00
2.569700000000000000e+04 5.898822784423828125e+00 5.825668811798095703e+00
2.609800000000000000e+04 5.898822784423828125e+00 5.825668811798095703e+00
2.650500000000000000e+04 5.898822784423828125e+00 5.825668811798095703e+00
2.691900000000000000e+04 5.898822784423828125e+00 5.825668811798095703e+00
2.733900000000000000e+04 5.898822784423828125e+00 5.825668811798095703e+00
2.776500000000000000e+04 5.898822784423828125e+00 5.825668811798095703e+00
2.819800000000000000e+04 5.898822784423828125e+00 5.825668811798095703e+00
2.863800000000000000e+04 5.898822784423828125e+00 5.825668811798095703e+00
2.908500000000000000e+04 5.898822784423828125e+00 5.825668811798095703e+00
2.953900000000000000e+04 5.898822784423828125e+00 5.825668811798095703e+00
3.000000000000000000e+04 5.898822784423828125e+00 5.825668811798095703e+00
3.046800000000000000e+04 5.898822784423828125e+00 5.825668811798095703e+00
3.094300000000000000e+04 5.898822784423828125e+00 5.825668811798095703e+00
3.142600000000000000e+04 5.898822784423828125e+00 5.825668811798095703e+00
3.191600000000000000e+04 5.898822784423828125e+00 5.825668811798095703e+00
3.241400000000000000e+04 5.898822784423828125e+00 5.825668811798095703e+00
3.291900000000000000e+04 5.898822784423828125e+00 5.825668811798095703e+00
3.343300000000000000e+04 5.898822784423828125e+00 5.825668811798095703e+00
3.395400000000000000e+04 5.898822784423828125e+00 5.825668811798095703e+00
3.448400000000000000e+04 5.898822784423828125e+00 5.825668811798095703e+00
3.502200000000000000e+04 5.898822784423828125e+00 5.825668811798095703e+00
3.556800000000000000e+04 5.898822784423828125e+00 5.825668811798095703e+00
3.612300000000000000e+04 5.898822784423828125e+00 5.825668811798095703e+00
3.668700000000000000e+04 5.898822784423828125e+00 5.825668811798095703e+00
3.725900000000000000e+04 5.898822784423828125e+00 5.825668811798095703e+00
3.784000000000000000e+04 5.898822784423828125e+00 5.825668811798095703e+00
3.843000000000000000e+04 5.898822784423828125e+00 5.825668811798095703e+00
3.903000000000000000e+04 5.898822784423828125e+00 5.825668811798095703e+00
3.963900000000000000e+04 5.898822784423828125e+00 5.825668334960937500e+00
4.025700000000000000e+04 5.898822784423828125e+00 5.825668811798095703e+00
4.088500000000000000e+04 5.898822784423828125e+00 5.825668334960937500e+00
4.152300000000000000e+04 5.898822784423828125e+00 5.825668334960937500e+00
4.217100000000000000e+04 5.898822784423828125e+00 5.825668334960937500e+00
4.282800000000000000e+04 5.898822784423828125e+00 5.825668811798095703e+00
4.349700000000000000e+04 5.898822784423828125e+00 5.825668811798095703e+00
4.417500000000000000e+04 5.898821830749511719e+00 5.825668811798095703e+00
4.486400000000000000e+04 5.898822784423828125e+00 5.825668811798095703e+00
4.556400000000000000e+04 5.898821830749511719e+00 5.825668811798095703e+00
4.627500000000000000e+04 5.898822784423828125e+00 5.825668334960937500e+00
4.699700000000000000e+04 5.898821830749511719e+00 5.825668811798095703e+00
4.773000000000000000e+04 5.898821830749511719e+00 5.825668811798095703e+00
4.847400000000000000e+04 5.898821830749511719e+00 5.825668811798095703e+00
4.923100000000000000e+04 5.898821830749511719e+00 5.825668811798095703e+00
4.999900000000000000e+04 5.898822784423828125e+00 5.825668811798095703e+00
