t vw vv vT
8.883298492431640625e+01 1.166647002100944519e-01 9.931713938713073730e-01 1.000000000000000000e+00
3.731654739379882812e+01 3.914125859737396240e-01 9.202152490615844727e-01 9.999999403953552246e-01
3.487065124511718750e+01 4.080399274826049805e-01 9.129641056060791016e-01 1.000000000000000000e+00
3.356120300292968750e+01 4.098911881446838379e-01 9.121344089508056641e-01 9.999999403953552246e-01
3.090681266784667969e+01 4.200092554092407227e-01 9.075198173522949219e-01 1.000000000000000000e+00
2.924326324462890625e+01 4.159770905971527100e-01 9.093750715255737305e-01 9.999999403953552246e-01
2.780277442932128906e+01 4.074537158012390137e-01 9.132258296012878418e-01 9.999999403953552246e-01
2.686813926696777344e+01 4.077788293361663818e-01 9.130807518959045410e-01 1.000000000000000000e+00
2.574909973144531250e+01 4.231567978858947754e-01 9.060564637184143066e-01 1.000000000000000000e+00
2.545107269287109375e+01 4.282455444335937500e-01 9.036623835563659668e-01 9.999999403953552246e-01
2.418397331237792969e+01 4.420173466205596924e-01 8.970065116882324219e-01 1.000000000000000000e+00
2.341880416870117188e+01 4.282648563385009766e-01 9.036532640457153320e-01 1.000000000000000000e+00
2.202022171020507812e+01 4.422566592693328857e-01 8.968885540962219238e-01 1.000000000000000000e+00
2.119684600830078125e+01 4.442470073699951172e-01 8.959043622016906738e-01 1.000000000000000000e+00
2.052484703063964844e+01 4.082150459289550781e-01 9.128857851028442383e-01 9.999999403953552246e-01
1.987712860107421875e+01 4.170146882534027100e-01 9.088997244834899902e-01 9.999999403953552246e-01
1.929536247253417969e+01 4.660872220993041992e-01 8.847388029098510742e-01 1.000000000000000000e+00
1.885974502563476562e+01 4.755111038684844971e-01 8.797097206115722656e-01 1.000000000000000000e+00
1.837523269653320312e+01 4.458756148815155029e-01 8.950949311256408691e-01 1.000000000000000000e+00
1.763355255126953125e+01 4.388990104198455811e-01 8.985364437103271484e-01 1.000000000000000000e+00
1.711394309997558594e+01 4.543444514274597168e-01 8.908261060714721680e-01 1.000000000000000000e+00
1.670688629150390625e+01 4.520091414451599121e-01 8.920133113861083984e-01 1.000000000000000000e+00
1.621352386474609375e+01 4.922654330730438232e-01 8.704451322555541992e-01 1.000000000000000000e+00
1.589015388488769531e+01 4.584172070026397705e-01 8.887371420860290527e-01 1.000000000000000000e+00
1.550084304809570312e+01 4.585219323635101318e-01 8.886830806732177734e-01 1.000000000000000000e+00
1.467488670349121094e+01 4.733136892318725586e-01 8.808939456939697266e-01 1.000000000000000000e+00
1.445652008056640625e+01 4.733449816703796387e-01 8.808771371841430664e-01 1.000000000000000000e+00
1.400482368469238281e+01 4.930391013622283936e-01 8.700071573257446289e-01 1.000000000000000000e+00
1.388405513763427734e+01 4.852899610996246338e-01 8.743532896041870117e-01 1.000000000000000000e+00
1.353614330291748047e+01 5.076479911804199219e-01 8.615645766258239746e-01 1.000000000000000000e+00
1.337852573394775391e+01 5.022398829460144043e-01 8.647283315658569336e-01 1.000000000000000000e+00
1.245188140869140625e+01 5.304146409034729004e-01 8.477383255958557129e-01 1.000000000000000000e+00
1.195904159545898438e+01 5.170673131942749023e-01 8.559447526931762695e-01 1.000000000000000000e+00
1.191680335998535156e+01 5.072714686393737793e-01 8.617863059043884277e-01 1.000000000000000000e+00
1.166562175750732422e+01 5.378473997116088867e-01 8.430421948432922363e-01 9.999999403953552246e-01
1.148108863830566406e+01 5.341240167617797852e-01 8.454061150550842285e-01 9.999999403953552246e-01
1.130438804626464844e+01 5.376296043395996094e-01 8.431810736656188965e-01 9.999999403953552246e-01
1.114569950103759766e+01 5.253097414970397949e-01 8.509110808372497559e-01 1.000000000000000000e+00
1.104236602783203125e+01 5.462406873703002930e-01 8.376282453536987305e-01 9.999999403953552246e-01
1.076238346099853516e+01 5.444544553756713867e-01 8.387903571128845215e-01 9.999999403953552246e-01
1.055765914916992188e+01 5.301626324653625488e-01 8.478959798812866211e-01 1.000000000000000000e+00
1.047173500061035156e+01 5.465326905250549316e-01 8.374378085136413574e-01 1.000000000000000000e+00
1.010218811035156250e+01 5.526110529899597168e-01 8.334392905235290527e-01 1.000000000000000000e+00
1.003190326690673828e+01 5.415228605270385742e-01 8.406860232353210449e-01 1.000000000000000000e+00
9.928325653076171875e+00 5.687885880470275879e-01 8.224837779998779297e-01 1.000000000000000000e+00
9.670519828796386719e+00 5.670253634452819824e-01 8.237003087997436523e-01 9.999999403953552246e-01
9.536849021911621094e+00 5.591463446617126465e-01 8.290689587593078613e-01 1.000000000000000000e+00
9.493555068969726562e+00 5.704101920127868652e-01 8.213599920272827148e-01 1.000000000000000000e+00
9.150558471679687500e+00 5.952649116516113281e-01 8.035295009613037109e-01 1.000000000000000000e+00
9.052733421325683594e+00 6.180424690246582031e-01 7.861447334289550781e-01 1.000000000000000000e+00
8.976966857910156250e+00 5.862591266632080078e-01 8.101235032081604004e-01 9.999998807907104492e-01
8.960592269897460938e+00 5.979436635971069336e-01 8.015381693840026855e-01 1.000000000000000000e+00
8.847980499267578125e+00 5.717784166336059570e-01 8.204081058502197266e-01 1.000000000000000000e+00
8.679398536682128906e+00 6.028662919998168945e-01 7.978422045707702637e-01 9.999999403953552246e-01
8.578605651855468750e+00 5.904838442802429199e-01 8.070494532585144043e-01 1.000000000000000000e+00
8.466720581054687500e+00 5.968137979507446289e-01 8.023798465728759766e-01 1.000000000000000000e+00
8.399420738220214844e+00 5.968087911605834961e-01 8.023835420608520508e-01 1.000000000000000000e+00
8.233649253845214844e+00 5.971648693084716797e-01 8.021185398101806641e-01 1.000000000000000000e+00
8.122584342956542969e+00 6.146621704101562500e-01 7.887904644012451172e-01 1.000000000000000000e+00
7.965247154235839844e+00 6.347815990447998047e-01 7.726916074752807617e-01 1.000000000000000000e+00
7.843682765960693359e+00 6.482143402099609375e-01 7.614579200744628906e-01 1.000000000000000000e+00
7.713676452636718750e+00 6.466501951217651367e-01 7.627866864204406738e-01 1.000000000000000000e+00
7.682064056396484375e+00 6.613493561744689941e-01 7.500780224800109863e-01 1.000000000000000000e+00
7.618993759155273438e+00 6.287565231323242188e-01 7.776021957397460938e-01 9.999999403953552246e-01
7.516947269439697266e+00 6.448288559913635254e-01 7.643269896507263184e-01 1.000000000000000000e+00
7.453722000122070312e+00 6.515364646911621094e-01 7.586173415184020996e-01 1.000000000000000000e+00
7.358513832092285156e+00 6.523957252502441406e-01 7.578784823417663574e-01 1.000000000000000000e+00
7.198981761932373047e+00 6.905945539474487305e-01 7.232420444488525391e-01 9.999999403953552246e-01
7.148525238037109375e+00 6.702445745468139648e-01 7.421402931213378906e-01 1.000000000000000000e+00
7.095984935760498047e+00 6.635091900825500488e-01 7.481681108474731445e-01 9.999999403953552246e-01
6.979128837585449219e+00 6.668153405189514160e-01 7.452229857444763184e-01 1.000000000000000000e+00
6.912665843963623047e+00 6.917763948440551758e-01 7.221117615699768066e-01 1.000000000000000000e+00
6.843861103057861328e+00 6.844397783279418945e-01 7.290694117546081543e-01 1.000000000000000000e+00
6.779912948608398438e+00 6.959969401359558105e-01 7.180446982383728027e-01 9.999999403953552246e-01
6.713696002960205078e+00 6.846883296966552734e-01 7.288359999656677246e-01 1.000000000000000000e+00
6.622634410858154297e+00 6.746886968612670898e-01 7.381023764610290527e-01 9.999999403953552246e-01
6.616594791412353516e+00 7.254022359848022461e-01 6.883251667022705078e-01 9.999999403953552246e-01
6.505144119262695312e+00 7.237410545349121094e-01 6.900715827941894531e-01 9.999999403953552246e-01
6.465231418609619141e+00 6.715290546417236328e-01 7.409782409667968750e-01 1.000000000000000000e+00
6.351250648498535156e+00 7.030188441276550293e-01 7.111712098121643066e-01 1.000000000000000000e+00
6.280278205871582031e+00 7.253354787826538086e-01 6.883955001831054688e-01 9.999999403953552246e-01
6.172553539276123047e+00 7.324662804603576660e-01 6.808032989501953125e-01 1.000000000000000000e+00
6.109975337982177734e+00 7.040666341781616211e-01 7.101339101791381836e-01 1.000000000000000000e+00
6.015803337097167969e+00 7.348523139953613281e-01 6.782271862030029297e-01 1.000000000000000000e+00
5.921377658843994141e+00 7.568710446357727051e-01 6.535643339157104492e-01 1.000000000000000000e+00
5.874111652374267578e+00 7.477770447731018066e-01 6.639498472213745117e-01 9.999999403953552246e-01
5.763456344604492188e+00 7.674437165260314941e-01 6.411163210868835449e-01 1.000000000000000000e+00
5.723415851593017578e+00 7.395852208137512207e-01 6.730628013610839844e-01 9.999998807907104492e-01
5.657557964324951172e+00 7.644378542900085449e-01 6.446975469589233398e-01 1.000000119209289551e+00
5.508094310760498047e+00 7.737852931022644043e-01 6.334479451179504395e-01 1.000000000000000000e+00
5.465291023254394531e+00 7.718492150306701660e-01 6.358056664466857910e-01 1.000000000000000000e+00
5.457945346832275391e+00 7.594618201255798340e-01 6.505518555641174316e-01 9.999999403953552246e-01
5.385146141052246094e+00 7.750514149665832520e-01 6.318981051445007324e-01 9.999999403953552246e-01
5.304451465606689453e+00 7.789660096168518066e-01 6.270661354064941406e-01 1.000000000000000000e+00
5.173162460327148438e+00 7.716903686523437500e-01 6.359984278678894043e-01 1.000000000000000000e+00
5.059828281402587891e+00 7.856315970420837402e-01 6.186945438385009766e-01 9.999999403953552246e-01
4.991016387939453125e+00 7.936055660247802734e-01 6.084325909614562988e-01 1.000000000000000000e+00
4.896474838256835938e+00 7.963658571243286133e-01 6.048152446746826172e-01 1.000000000000000000e+00
4.797955036163330078e+00 8.143104314804077148e-01 5.804296135902404785e-01 1.000000000000000000e+00
4.779843807220458984e+00 8.164682388305664062e-01 5.773902535438537598e-01 9.999999403953552246e-01
