t dd no-dd
1.000000000000000000e+00 1.655374336242675781e+01 1.745434761047363281e+01
1.000000000000000000e+00 1.655374336242675781e+01 1.745434761047363281e+01
1.000000000000000000e+00 1.655374336242675781e+01 1.745434761047363281e+01
1.000000000000000000e+00 1.655374336242675781e+01 1.745434761047363281e+01
1.000000000000000000e+00 1.655374336242675781e+01 1.745434761047363281e+01
1.000000000000000000e+00 1.655374336242675781e+01 1.745434761047363281e+01
1.000000000000000000e+00 1.655374336242675781e+01 1.745434761047363281e+01
1.000000000000000000e+00 1.655374336242675781e+01 1.745434761047363281e+01
1.000000000000000000e+00 1.655374336242675781e+01 1.745434761047363281e+01
1.000000000000000000e+00 1.655374336242675781e+01 1.745434761047363281e+01
1.000000000000000000e+00 1.655374336242675781e+01 1.745434761047363281e+01
1.000000000000000000e+00 1.655374336242675781e+01 1.745434761047363281e+01
1.000000000000000000e+00 1.655374336242675781e+01 1.745434761047363281e+01
1.000000000000000000e+00 1.655374336242675781e+01 1.745434761047363281e+01
1.000000000000000000e+00 1.655374336242675781e+01 1.745434761047363281e+01
1.000000000000000000e+00 1.655374336242675781e+01 1.745434761047363281e+01
1.000000000000000000e+00 1.655374336242675781e+01 1.745434761047363281e+01
1.000000000000000000e+00 1.655374336242675781e+01 1.745434761047363281e+01
1.000000000000000000e+00 1.655374336242675781e+01 1.745434761047363281e+01
1.000000000000000000e+00 1.655374336242675781e+01 1.745434761047363281e+01
1.000000000000000000e+00 1.655374336242675781e+01 1.745434761047363281e+01
1.000000000000000000e+00 1.655374336242675781e+01 1.745434761047363281e+01
1.000000000000000000e+00 1.655374336242675781e+01 1.745434761047363281e+01
1.000000000000000000e+00 1.655374336242675781e+01 1.745434761047363281e+01
1.000000000000000000e+00 1.655374336242675781e+01 1.745434761047363281e+01
1.000000000000000000e+00 1.655374336242675781e+01 1.745434761047363281e+01
1.000000000000000000e+00 1.655374336242675781e+01 1.745434761047363281e+01
1.000000000000000000e+00 1.655374336242675781e+01 1.745434761047363281e+01
1.000000000000000000e+00 1.655374336242675781e+01 1.745434761047363281e+01
1.000000000000000000e+00 1.655374336242675781e+01 1.745434761047363281e+01
1.000000000000000000e+00 1.655374336242675781e+01 1.745434761047363281e+01
1.000000000000000000e+00 1.655374336242675781e+01 1.745434761047363281e+01
1.000000000000000000e+00 1.655374336242675781e+01 1.745434761047363281e+01
1.000000000000000000e+00 1.655374336242675781e+01 1.745434761047363281e+01
1.000000000000000000e+00 1.655374336242675781e+01 1.745434761047363281e+01
1.000000000000000000e+00 1.655374336242675781e+01 1.745434761047363281e+01
1.000000000000000000e+00 1.655374336242675781e+01 1.745434761047363281e+01
1.000000000000000000e+00 1.655374336242675781e+01 1.745434761047363281e+01
1.000000000000000000e+00 1.655374336242675781e+01 1.745434761047363281e+01
1.000000000000000000e+00 1.655374336242675781e+01 1.745434761047363281e+01
1.000000000000000000e+00 1.655374336242675781e+01 1.745434761047363281e+01
1.000000000000000000e+00 1.655374336242675781e+01 1.745434761047363281e+01
1.000000000000000000e+00 1.655374336242675781e+01 1.745434761047363281e+01
1.000000000000000000e+00 1.655374336242675781e+01 1.745434761047363281e+01
1.000000000000000000e+00 1.655374336242675781e+01 1.745434761047363281e+01
2.000000000000000000e+00 1.517194938659667969e+01 1.744541931152343750e+01
2.000000000000000000e+00 1.517194938659667969e+01 1.744541931152343750e+01
2.000000000000000000e+00 1.517194938659667969e+01 1.744541931152343750e+01
2.000000000000000000e+00 1.517194938659667969e+01 1.744541931152343750e+01
2.000000000000000000e+00 1.517194938659667969e+01 1.744541931152343750e+01
2.000000000000000000e+00 1.517194938659667969e+01 1.744541931152343750e+01
2.000000000000000000e+00 1.517194938659667969e+01 1.744541931152343750e+01
2.000000000000000000e+00 1.517194938659667969e+01 1.744541931152343750e+01
2.000000000000000000e+00 1.517194938659667969e+01 1.744541931152343750e+01
2.000000000000000000e+00 1.517194938659667969e+01 1.744541931152343750e+01
2.000000000000000000e+00 1.517194938659667969e+01 1.744541931152343750e+01
2.000000000000000000e+00 1.517194938659667969e+01 1.744541931152343750e+01
2.000000000000000000e+00 1.517194938659667969e+01 1.744541931152343750e+01
2.000000000000000000e+00 1.517194938659667969e+01 1.744541931152343750e+01
2.000000000000000000e+00 1.517194938659667969e+01 1.744541931152343750e+01
2.000000000000000000e+00 1.517194938659667969e+01 1.744541931152343750e+01
2.000000000000000000e+00 1.517194938659667969e+01 1.744541931152343750e+01
2.000000000000000000e+00 1.517194938659667969e+01 1.744541931152343750e+01
2.000000000000000000e+00 1.517194938659667969e+01 1.744541931152343750e+01
2.000000000000000000e+00 1.517194938659667969e+01 1.744541931152343750e+01
2.000000000000000000e+00 1.517194938659667969e+01 1.744541931152343750e+01
2.000000000000000000e+00 1.517194938659667969e+01 1.744541931152343750e+01
2.000000000000000000e+00 1.517194938659667969e+01 1.744541931152343750e+01
2.000000000000000000e+00 1.517194938659667969e+01 1.744541931152343750e+01
2.000000000000000000e+00 1.517194938659667969e+01 1.744541931152343750e+01
2.000000000000000000e+00 1.517194938659667969e+01 1.744541931152343750e+01
3.000000000000000000e+00 1.255701541900634766e+01 1.743511390686035156e+01
3.000000000000000000e+00 1.255701541900634766e+01 1.743511390686035156e+01
3.000000000000000000e+00 1.255701541900634766e+01 1.743511390686035156e+01
3.000000000000000000e+00 1.255701541900634766e+01 1.743511390686035156e+01
3.000000000000000000e+00 1.255701541900634766e+01 1.743511390686035156e+01
3.000000000000000000e+00 1.255701541900634766e+01 1.743511390686035156e+01
3.000000000000000000e+00 1.255701541900634766e+01 1.743511390686035156e+01
3.000000000000000000e+00 1.255701541900634766e+01 1.743511390686035156e+01
3.000000000000000000e+00 1.255701541900634766e+01 1.743511390686035156e+01
3.000000000000000000e+00 1.255701541900634766e+01 1.743511390686035156e+01
3.000000000000000000e+00 1.255701541900634766e+01 1.743511390686035156e+01
3.000000000000000000e+00 1.255701541900634766e+01 1.743511390686035156e+01
3.000000000000000000e+00 1.255701541900634766e+01 1.743511390686035156e+01
3.000000000000000000e+00 1.255701541900634766e+01 1.743511390686035156e+01
3.000000000000000000e+00 1.255701541900634766e+01 1.743511390686035156e+01
3.000000000000000000e+00 1.255701541900634766e+01 1.743511390686035156e+01
3.000000000000000000e+00 1.255701541900634766e+01 1.743511390686035156e+01
3.000000000000000000e+00 1.255701541900634766e+01 1.743511390686035156e+01
3.000000000000000000e+00 1.255701541900634766e+01 1.743511390686035156e+01
4.000000000000000000e+00 9.576456069946289062e+00 1.742291831970214844e+01
4.000000000000000000e+00 9.576456069946289062e+00 1.742291831970214844e+01
4.000000000000000000e+00 9.576456069946289062e+00 1.742291831970214844e+01
4.000000000000000000e+00 9.576456069946289062e+00 1.742291831970214844e+01
4.000000000000000000e+00 9.576456069946289062e+00 1.742291831970214844e+01
4.000000000000000000e+00 9.576456069946289062e+00 1.742291831970214844e+01
4.000000000000000000e+00 9.576456069946289062e+00 1.742291831970214844e+01
4.000000000000000000e+00 9.576456069946289062e+00 1.742291831970214844e+01
4.000000000000000000e+00 9.576456069946289062e+00 1.742291831970214844e+01
4.000000000000000000e+00 9.576456069946289062e+00 1.742291831970214844e+01
4.000000000000000000e+00 9.576456069946289062e+00 1.742291831970214844e+01
4.000000000000000000e+00 9.576456069946289062e+00 1.742291831970214844e+01
4.000000000000000000e+00 9.576456069946289062e+00 1.742291831970214844e+01
4.000000000000000000e+00 9.576456069946289062e+00 1.742291831970214844e+01
5.000000000000000000e+00 8.318017959594726562e+00 1.740921783447265625e+01
5.000000000000000000e+00 8.318017959594726562e+00 1.740921783447265625e+01
5.000000000000000000e+00 8.318017959594726562e+00 1.740921783447265625e+01
5.000000000000000000e+00 8.318017959594726562e+00 1.740921783447265625e+01
5.000000000000000000e+00 8.318017959594726562e+00 1.740921783447265625e+01
5.000000000000000000e+00 8.318017959594726562e+00 1.740921783447265625e+01
5.000000000000000000e+00 8.318017959594726562e+00 1.740921783447265625e+01
5.000000000000000000e+00 8.318017959594726562e+00 1.740921783447265625e+01
5.000000000000000000e+00 8.318017959594726562e+00 1.740921783447265625e+01
5.000000000000000000e+00 8.318017959594726562e+00 1.740921783447265625e+01
5.000000000000000000e+00 8.318017959594726562e+00 1.740921783447265625e+01
5.000000000000000000e+00 8.318017959594726562e+00 1.740921783447265625e+01
6.000000000000000000e+00 7.761140346527099609e+00 1.739242744445800781e+01
6.000000000000000000e+00 7.761140346527099609e+00 1.739242744445800781e+01
6.000000000000000000e+00 7.761140346527099609e+00 1.739242744445800781e+01
6.000000000000000000e+00 7.761140346527099609e+00 1.739242744445800781e+01
6.000000000000000000e+00 7.761140346527099609e+00 1.739242744445800781e+01
6.000000000000000000e+00 7.761140346527099609e+00 1.739242744445800781e+01
6.000000000000000000e+00 7.761140346527099609e+00 1.739242744445800781e+01
6.000000000000000000e+00 7.761140346527099609e+00 1.739242744445800781e+01
6.000000000000000000e+00 7.761140346527099609e+00 1.739242744445800781e+01
6.000000000000000000e+00 7.761140346527099609e+00 1.739242744445800781e+01
7.000000000000000000e+00 7.222578048706054688e+00 1.737163543701171875e+01
7.000000000000000000e+00 7.222578048706054688e+00 1.737163543701171875e+01
7.000000000000000000e+00 7.222578048706054688e+00 1.737163543701171875e+01
7.000000000000000000e+00 7.222578048706054688e+00 1.737163543701171875e+01
7.000000000000000000e+00 7.222578048706054688e+00 1.737163543701171875e+01
7.000000000000000000e+00 7.222578048706054688e+00 1.737163543701171875e+01
7.000000000000000000e+00 7.222578048706054688e+00 1.737163543701171875e+01
7.000000000000000000e+00 7.222578048706054688e+00 1.737163543701171875e+01
7.000000000000000000e+00 7.222578048706054688e+00 1.737163543701171875e+01
8.000000000000000000e+00 6.794541835784912109e+00 1.734600067138671875e+01
8.000000000000000000e+00 6.794541835784912109e+00 1.734600067138671875e+01
8.000000000000000000e+00 6.794541835784912109e+00 1.734600067138671875e+01
8.000000000000000000e+00 6.794541835784912109e+00 1.734600067138671875e+01
8.000000000000000000e+00 6.794541835784912109e+00 1.734600067138671875e+01
8.000000000000000000e+00 6.794541835784912109e+00 1.734600067138671875e+01
8.000000000000000000e+00 6.794541835784912109e+00 1.734600067138671875e+01
9.000000000000000000e+00 6.439472675323486328e+00 1.731459236145019531e+01
9.000000000000000000e+00 6.439472675323486328e+00 1.731459236145019531e+01
9.000000000000000000e+00 6.439472675323486328e+00 1.731459236145019531e+01
9.000000000000000000e+00 6.439472675323486328e+00 1.731459236145019531e+01
9.000000000000000000e+00 6.439472675323486328e+00 1.731459236145019531e+01
9.000000000000000000e+00 6.439472675323486328e+00 1.731459236145019531e+01
9.000000000000000000e+00 6.439472675323486328e+00 1.731459236145019531e+01
1.000000000000000000e+01 6.161766529083251953e+00 1.727675628662109375e+01
1.000000000000000000e+01 6.161766529083251953e+00 1.727675628662109375e+01
1.000000000000000000e+01 6.161766529083251953e+00 1.727675628662109375e+01
1.000000000000000000e+01 6.161766529083251953e+00 1.727675628662109375e+01
1.000000000000000000e+01 6.161766529083251953e+00 1.727675628662109375e+01
1.000000000000000000e+01 6.161766529083251953e+00 1.727675628662109375e+01
1.100000000000000000e+01 5.922150135040283203e+00 1.723140907287597656e+01
1.100000000000000000e+01 5.922150135040283203e+00 1.723140907287597656e+01
1.100000000000000000e+01 5.922150135040283203e+00 1.723140907287597656e+01
1.100000000000000000e+01 5.922150135040283203e+00 1.723140907287597656e+01
1.100000000000000000e+01 5.922150135040283203e+00 1.723140907287597656e+01
1.100000000000000000e+01 5.922150135040283203e+00 1.723140907287597656e+01
1.200000000000000000e+01 5.720000743865966797e+00 1.717771911621093750e+01
1.200000000000000000e+01 5.720000743865966797e+00 1.717771911621093750e+01
1.200000000000000000e+01 5.720000743865966797e+00 1.717771911621093750e+01
1.200000000000000000e+01 5.720000743865966797e+00 1.717771911621093750e+01
1.200000000000000000e+01 5.720000743865966797e+00 1.717771911621093750e+01
1.300000000000000000e+01 5.544110298156738281e+00 1.711474037170410156e+01
1.300000000000000000e+01 5.544110298156738281e+00 1.711474037170410156e+01
1.300000000000000000e+01 5.544110298156738281e+00 1.711474037170410156e+01
1.300000000000000000e+01 5.544110298156738281e+00 1.711474037170410156e+01
1.300000000000000000e+01 5.544110298156738281e+00 1.711474037170410156e+01
1.400000000000000000e+01 5.415536403656005859e+00 1.704214286804199219e+01
1.400000000000000000e+01 5.415536403656005859e+00 1.704214286804199219e+01
1.400000000000000000e+01 5.415536403656005859e+00 1.704214286804199219e+01
1.400000000000000000e+01 5.415536403656005859e+00 1.704214286804199219e+01
1.500000000000000000e+01 5.310933113098144531e+00 1.696098709106445312e+01
1.500000000000000000e+01 5.310933113098144531e+00 1.696098709106445312e+01
1.500000000000000000e+01 5.310933113098144531e+00 1.696098709106445312e+01
1.500000000000000000e+01 5.310933113098144531e+00 1.696098709106445312e+01
1.500000000000000000e+01 5.310933113098144531e+00 1.696098709106445312e+01
1.600000000000000000e+01 5.220786571502685547e+00 1.686833953857421875e+01
1.600000000000000000e+01 5.220786571502685547e+00 1.686833953857421875e+01
1.600000000000000000e+01 5.220786571502685547e+00 1.686833953857421875e+01
1.600000000000000000e+01 5.220786571502685547e+00 1.686833953857421875e+01
1.700000000000000000e+01 5.142432212829589844e+00 1.676308059692382812e+01
1.700000000000000000e+01 5.142432212829589844e+00 1.676308059692382812e+01
1.700000000000000000e+01 5.142432212829589844e+00 1.676308059692382812e+01
1.800000000000000000e+01 5.076611995697021484e+00 1.664414596557617188e+01
1.800000000000000000e+01 5.076611995697021484e+00 1.664414596557617188e+01
1.800000000000000000e+01 5.076611995697021484e+00 1.664414596557617188e+01
1.800000000000000000e+01 5.076611995697021484e+00 1.664414596557617188e+01
1.900000000000000000e+01 5.014715194702148438e+00 1.651111984252929688e+01
1.900000000000000000e+01 5.014715194702148438e+00 1.651111984252929688e+01
1.900000000000000000e+01 5.014715194702148438e+00 1.651111984252929688e+01
2.000000000000000000e+01 4.958460807800292969e+00 1.636254501342773438e+01
2.000000000000000000e+01 4.958460807800292969e+00 1.636254501342773438e+01
2.000000000000000000e+01 4.958460807800292969e+00 1.636254501342773438e+01
2.100000000000000000e+01 4.905620574951171875e+00 1.619812774658203125e+01
2.100000000000000000e+01 4.905620574951171875e+00 1.619812774658203125e+01
2.100000000000000000e+01 4.905620574951171875e+00 1.619812774658203125e+01
2.200000000000000000e+01 4.857223510742187500e+00 1.601688385009765625e+01
2.200000000000000000e+01 4.857223510742187500e+00 1.601688385009765625e+01
2.200000000000000000e+01 4.857223510742187500e+00 1.601688385009765625e+01
2.300000000000000000e+01 4.814008712768554688e+00 1.581835651397705078e+01
2.300000000000000000e+01 4.814008712768554688e+00 1.581835651397705078e+01
2.300000000000000000e+01 4.814008712768554688e+00 1.581835651397705078e+01
2.400000000000000000e+01 4.777299880981445312e+00 1.561464500427246094e+01
2.400000000000000000e+01 4.777299880981445312e+00 1.561464500427246094e+01
2.500000000000000000e+01 4.739778995513916016e+00 1.540387248992919922e+01
2.500000000000000000e+01 4.739778995513916016e+00 1.540387248992919922e+01
2.500000000000000000e+01 4.739778995513916016e+00 1.540387248992919922e+01
2.600000000000000000e+01 4.704637050628662109e+00 1.517818355560302734e+01
2.600000000000000000e+01 4.704637050628662109e+00 1.517818355560302734e+01
2.700000000000000000e+01 4.672276496887207031e+00 1.493724346160888672e+01
2.700000000000000000e+01 4.672276496887207031e+00 1.493724346160888672e+01
2.700000000000000000e+01 4.672276496887207031e+00 1.493724346160888672e+01
2.800000000000000000e+01 4.638407230377197266e+00 1.468672370910644531e+01
2.800000000000000000e+01 4.638407230377197266e+00 1.468672370910644531e+01
2.900000000000000000e+01 4.609191417694091797e+00 1.444664955139160156e+01
2.900000000000000000e+01 4.609191417694091797e+00 1.444664955139160156e+01
3.000000000000000000e+01 4.579678535461425781e+00 1.419934368133544922e+01
3.000000000000000000e+01 4.579678535461425781e+00 1.419934368133544922e+01
3.100000000000000000e+01 4.553195953369140625e+00 1.394591140747070312e+01
3.100000000000000000e+01 4.553195953369140625e+00 1.394591140747070312e+01
3.200000000000000000e+01 4.529401779174804688e+00 1.368470573425292969e+01
3.200000000000000000e+01 4.529401779174804688e+00 1.368470573425292969e+01
3.300000000000000000e+01 4.505316734313964844e+00 1.341568946838378906e+01
3.300000000000000000e+01 4.505316734313964844e+00 1.341568946838378906e+01
3.400000000000000000e+01 4.483343601226806641e+00 1.314029693603515625e+01
3.400000000000000000e+01 4.483343601226806641e+00 1.314029693603515625e+01
3.500000000000000000e+01 4.462312698364257812e+00 1.286007308959960938e+01
3.500000000000000000e+01 4.462312698364257812e+00 1.286007308959960938e+01
3.600000000000000000e+01 4.440674304962158203e+00 1.260655593872070312e+01
3.600000000000000000e+01 4.440674304962158203e+00 1.260655593872070312e+01
3.700000000000000000e+01 4.423855781555175781e+00 1.236806106567382812e+01
3.700000000000000000e+01 4.423855781555175781e+00 1.236806106567382812e+01
3.800000000000000000e+01 4.402703762054443359e+00 1.212403583526611328e+01
3.900000000000000000e+01 4.387697696685791016e+00 1.188416385650634766e+01
3.900000000000000000e+01 4.387697696685791016e+00 1.188416385650634766e+01
4.000000000000000000e+01 4.368308067321777344e+00 1.164191246032714844e+01
4.100000000000000000e+01 4.355139255523681641e+00 1.139524078369140625e+01
4.100000000000000000e+01 4.355139255523681641e+00 1.139524078369140625e+01
4.200000000000000000e+01 4.338048458099365234e+00 1.114485740661621094e+01
4.300000000000000000e+01 4.330612659454345703e+00 1.089327239990234375e+01
4.300000000000000000e+01 4.330612659454345703e+00 1.089327239990234375e+01
4.400000000000000000e+01 4.315778732299804688e+00 1.064111614227294922e+01
4.500000000000000000e+01 4.309735298156738281e+00 1.039413356781005859e+01
4.500000000000000000e+01 4.309735298156738281e+00 1.039413356781005859e+01
4.600000000000000000e+01 4.295225620269775391e+00 1.015348434448242188e+01
4.700000000000000000e+01 4.290370464324951172e+00 9.920669555664062500e+00
4.700000000000000000e+01 4.290370464324951172e+00 9.920669555664062500e+00
4.800000000000000000e+01 4.275804519653320312e+00 9.689837455749511719e+00
4.900000000000000000e+01 4.272749423980712891e+00 9.476188659667968750e+00
5.000000000000000000e+01 4.258245944976806641e+00 9.276243209838867188e+00
5.000000000000000000e+01 4.258245944976806641e+00 9.276243209838867188e+00
5.100000000000000000e+01 4.255652904510498047e+00 9.084503173828125000e+00
5.200000000000000000e+01 4.242056846618652344e+00 8.903140068054199219e+00
5.300000000000000000e+01 4.239782333374023438e+00 8.732136726379394531e+00
5.400000000000000000e+01 4.226178646087646484e+00 8.572110176086425781e+00
5.500000000000000000e+01 4.225805282592773438e+00 8.420060157775878906e+00
5.500000000000000000e+01 4.225805282592773438e+00 8.420060157775878906e+00
5.600000000000000000e+01 4.211149692535400391e+00 8.277957916259765625e+00
5.700000000000000000e+01 4.212703704833984375e+00 8.142583847045898438e+00
5.800000000000000000e+01 4.197396755218505859e+00 8.022118568420410156e+00
5.900000000000000000e+01 4.199837207794189453e+00 7.907527446746826172e+00
6.000000000000000000e+01 4.183845996856689453e+00 7.805473804473876953e+00
6.100000000000000000e+01 4.188280105590820312e+00 7.710536956787109375e+00
6.200000000000000000e+01 4.170616626739501953e+00 7.621798038482666016e+00
6.300000000000000000e+01 4.177133560180664062e+00 7.539990901947021484e+00
6.400000000000000000e+01 4.158763885498046875e+00 7.462772846221923828e+00
6.500000000000000000e+01 4.166353225708007812e+00 7.390223979949951172e+00
6.600000000000000000e+01 4.147758960723876953e+00 7.320549964904785156e+00
6.700000000000000000e+01 4.156439781188964844e+00 7.256297588348388672e+00
6.800000000000000000e+01 4.138032913208007812e+00 7.194250106811523438e+00
6.900000000000000000e+01 4.148058891296386719e+00 7.134566783905029297e+00
7.000000000000000000e+01 4.129439353942871094e+00 7.076633930206298828e+00
7.100000000000000000e+01 4.140334606170654297e+00 7.020399093627929688e+00
7.200000000000000000e+01 4.120894908905029297e+00 6.965559482574462891e+00
7.300000000000000000e+01 4.133813858032226562e+00 6.912495136260986328e+00
7.500000000000000000e+01 4.128958225250244141e+00 6.810707569122314453e+00
7.600000000000000000e+01 4.107139110565185547e+00 6.763708591461181641e+00
7.700000000000000000e+01 4.123311042785644531e+00 6.718069076538085938e+00
7.800000000000000000e+01 4.101113319396972656e+00 6.672883510589599609e+00
7.900000000000000000e+01 4.118316650390625000e+00 6.629776477813720703e+00
8.100000000000000000e+01 4.113066196441650391e+00 6.547219276428222656e+00
8.200000000000000000e+01 4.090719223022460938e+00 6.507021903991699219e+00
8.300000000000000000e+01 4.108250617980957031e+00 6.469096183776855469e+00
8.400000000000000000e+01 4.086287975311279297e+00 6.432748794555664062e+00
8.600000000000000000e+01 4.082594394683837891e+00 6.368516445159912109e+00
8.700000000000000000e+01 4.098473072052001953e+00 6.340022563934326172e+00
8.900000000000000000e+01 4.094191551208496094e+00 6.285550117492675781e+00
9.000000000000000000e+01 4.075125217437744141e+00 6.259316444396972656e+00
9.100000000000000000e+01 4.090395927429199219e+00 6.233539581298828125e+00
9.300000000000000000e+01 4.086471080780029297e+00 6.183973312377929688e+00
9.400000000000000000e+01 4.068843841552734375e+00 6.159903049468994141e+00
9.600000000000000000e+01 4.065759181976318359e+00 6.113174438476562500e+00
9.700000000000000000e+01 4.078845024108886719e+00 6.090400218963623047e+00
9.900000000000000000e+01 4.075279712677001953e+00 6.045661449432373047e+00
1.000000000000000000e+02 4.060159206390380859e+00 6.023690223693847656e+00
1.020000000000000000e+02 4.057618618011474609e+00 5.980449199676513672e+00
1.030000000000000000e+02 4.068521976470947266e+00 5.959202289581298828e+00
1.050000000000000000e+02 4.065333843231201172e+00 5.917449474334716797e+00
1.070000000000000000e+02 4.062299728393554688e+00 5.876668930053710938e+00
1.080000000000000000e+02 4.050398826599121094e+00 5.856748580932617188e+00
1.100000000000000000e+02 4.048226356506347656e+00 5.819268226623535156e+00
1.120000000000000000e+02 4.046336650848388672e+00 5.782823085784912109e+00
1.140000000000000000e+02 4.044502258300781250e+00 5.747125625610351562e+00
1.150000000000000000e+02 4.051854610443115234e+00 5.729512214660644531e+00
1.170000000000000000e+02 4.049608707427978516e+00 5.696371078491210938e+00
1.190000000000000000e+02 4.047492980957031250e+00 5.665778636932373047e+00
1.210000000000000000e+02 4.045503139495849609e+00 5.635811328887939453e+00
1.230000000000000000e+02 4.043527603149414062e+00 5.606513500213623047e+00
1.250000000000000000e+02 4.041631221771240234e+00 5.577900409698486328e+00
1.270000000000000000e+02 4.039787292480468750e+00 5.549985408782958984e+00
1.290000000000000000e+02 4.038304328918457031e+00 5.523815155029296875e+00
1.310000000000000000e+02 4.036836624145507812e+00 5.498379707336425781e+00
1.330000000000000000e+02 4.035422801971435547e+00 5.473689079284667969e+00
1.350000000000000000e+02 4.034084320068359375e+00 5.449330329895019531e+00
1.370000000000000000e+02 4.032771587371826172e+00 5.425885677337646484e+00
1.390000000000000000e+02 4.031465530395507812e+00 5.402584075927734375e+00
1.410000000000000000e+02 4.030153274536132812e+00 5.381190776824951172e+00
1.430000000000000000e+02 4.028931140899658203e+00 5.360138416290283203e+00
1.460000000000000000e+02 4.024159908294677734e+00 5.329773426055908203e+00
1.480000000000000000e+02 4.023205757141113281e+00 5.309949874877929688e+00
1.500000000000000000e+02 4.022114753723144531e+00 5.290954589843750000e+00
1.530000000000000000e+02 4.023019313812255859e+00 5.263388633728027344e+00
1.550000000000000000e+02 4.021944522857666016e+00 5.246311664581298828e+00
1.570000000000000000e+02 4.020895481109619141e+00 5.229624748229980469e+00
1.600000000000000000e+02 4.017377853393554688e+00 5.205139636993408203e+00
1.620000000000000000e+02 4.016474246978759766e+00 5.189177989959716797e+00
1.650000000000000000e+02 4.016984462738037109e+00 5.165568351745605469e+00
1.670000000000000000e+02 4.016046047210693359e+00 5.150114059448242188e+00
1.700000000000000000e+02 4.012942314147949219e+00 5.127367496490478516e+00
1.730000000000000000e+02 4.013244152069091797e+00 5.105062007904052734e+00
1.750000000000000000e+02 4.012404918670654297e+00 5.090604782104492188e+00
1.780000000000000000e+02 4.009595870971679688e+00 5.069629669189453125e+00
1.810000000000000000e+02 4.009874343872070312e+00 5.049198627471923828e+00
1.840000000000000000e+02 4.007222652435302734e+00 5.030115127563476562e+00
1.870000000000000000e+02 4.007738113403320312e+00 5.012106418609619141e+00
1.900000000000000000e+02 4.005180835723876953e+00 4.994771003723144531e+00
1.930000000000000000e+02 4.005823135375976562e+00 4.977574348449707031e+00
1.960000000000000000e+02 4.003348827362060547e+00 4.960914134979248047e+00
1.990000000000000000e+02 4.004058361053466797e+00 4.944624423980712891e+00
2.020000000000000000e+02 4.001586437225341797e+00 4.928496360778808594e+00
2.050000000000000000e+02 4.002333641052246094e+00 4.912796974182128906e+00
2.080000000000000000e+02 3.999971866607666016e+00 4.897267341613769531e+00
2.110000000000000000e+02 4.000713348388671875e+00 4.882351398468017578e+00
2.150000000000000000e+02 3.999645948410034180e+00 4.862963676452636719e+00
2.180000000000000000e+02 3.997337102890014648e+00 4.848584651947021484e+00
2.210000000000000000e+02 3.998066663742065430e+00 4.834563732147216797e+00
2.250000000000000000e+02 3.997037410736083984e+00 4.816640377044677734e+00
2.280000000000000000e+02 3.994818925857543945e+00 4.803645133972167969e+00
2.320000000000000000e+02 3.993880271911621094e+00 4.786819934844970703e+00
2.360000000000000000e+02 3.992929935455322266e+00 4.771001338958740234e+00
2.390000000000000000e+02 3.993675231933593750e+00 4.759424686431884766e+00
2.430000000000000000e+02 3.992700576782226562e+00 4.744457721710205078e+00
2.470000000000000000e+02 3.991759061813354492e+00 4.729906558990478516e+00
2.510000000000000000e+02 3.990799188613891602e+00 4.715807914733886719e+00
2.550000000000000000e+02 3.989864110946655273e+00 4.702796459197998047e+00
2.590000000000000000e+02 3.988993644714355469e+00 4.691061019897460938e+00
2.630000000000000000e+02 3.988121986389160156e+00 4.679426670074462891e+00
2.670000000000000000e+02 3.987245082855224609e+00 4.668078422546386719e+00
2.710000000000000000e+02 3.986413478851318359e+00 4.656693935394287109e+00
2.750000000000000000e+02 3.985622644424438477e+00 4.645707607269287109e+00
2.790000000000000000e+02 3.984980583190917969e+00 4.634798049926757812e+00
2.840000000000000000e+02 3.982985258102416992e+00 4.621252059936523438e+00
2.880000000000000000e+02 3.982374906539916992e+00 4.610906124114990234e+00
2.930000000000000000e+02 3.982926845550537109e+00 4.598430633544921875e+00
2.970000000000000000e+02 3.982352256774902344e+00 4.588610649108886719e+00
3.020000000000000000e+02 3.980361223220825195e+00 4.576649188995361328e+00
3.070000000000000000e+02 3.980975389480590820e+00 4.565423011779785156e+00
3.110000000000000000e+02 3.980430364608764648e+00 4.556704521179199219e+00
3.160000000000000000e+02 3.978492498397827148e+00 4.545814990997314453e+00
3.210000000000000000e+02 3.979122877120971680e+00 4.535491466522216797e+00
3.260000000000000000e+02 3.977234840393066406e+00 4.525556564331054688e+00
3.310000000000000000e+02 3.977845430374145508e+00 4.515819072723388672e+00
3.360000000000000000e+02 3.975994348526000977e+00 4.506313800811767578e+00
3.420000000000000000e+02 3.975285053253173828e+00 4.495223522186279297e+00
3.470000000000000000e+02 3.975900888442993164e+00 4.486299991607666016e+00
3.530000000000000000e+02 3.975190162658691406e+00 4.476687908172607422e+00
3.580000000000000000e+02 3.973480463027954102e+00 4.469283580780029297e+00
3.640000000000000000e+02 3.972821235656738281e+00 4.460669517517089844e+00
3.690000000000000000e+02 3.973373651504516602e+00 4.453640937805175781e+00
3.750000000000000000e+02 3.972708463668823242e+00 4.445454120635986328e+00
3.810000000000000000e+02 3.972071886062622070e+00 4.437545299530029297e+00
3.870000000000000000e+02 3.971448898315429688e+00 4.429811954498291016e+00
3.930000000000000000e+02 3.970833063125610352e+00 4.422583580017089844e+00
3.990000000000000000e+02 3.970246076583862305e+00 4.416238784790039062e+00
4.050000000000000000e+02 3.969663143157958984e+00 4.410146713256835938e+00
4.120000000000000000e+02 3.968189716339111328e+00 4.403270721435546875e+00
4.180000000000000000e+02 3.967687606811523438e+00 4.397511482238769531e+00
4.250000000000000000e+02 3.967891931533813477e+00 4.390973091125488281e+00
4.310000000000000000e+02 3.967387437820434570e+00 4.385537147521972656e+00
4.380000000000000000e+02 3.966093063354492188e+00 4.379329681396484375e+00
4.450000000000000000e+02 3.966271162033081055e+00 4.373280048370361328e+00
4.520000000000000000e+02 3.965057373046875000e+00 4.367390632629394531e+00
4.590000000000000000e+02 3.965211153030395508e+00 4.361701011657714844e+00
4.660000000000000000e+02 3.964071035385131836e+00 4.356072425842285156e+00
4.730000000000000000e+02 3.964211463928222656e+00 4.350876331329345703e+00
4.810000000000000000e+02 3.963660955429077148e+00 4.345252037048339844e+00
4.880000000000000000e+02 3.962626457214355469e+00 4.340412139892578125e+00
4.960000000000000000e+02 3.962125539779663086e+00 4.335105419158935547e+00
5.030000000000000000e+02 3.962231636047363281e+00 4.330573558807373047e+00
5.110000000000000000e+02 3.961746215820312500e+00 4.325450897216796875e+00
5.190000000000000000e+02 3.961270332336425781e+00 4.320474147796630859e+00
5.270000000000000000e+02 3.960818529129028320e+00 4.315660476684570312e+00
5.360000000000000000e+02 3.959853887557983398e+00 4.310419082641601562e+00
5.440000000000000000e+02 3.959443569183349609e+00 4.305904865264892578e+00
5.530000000000000000e+02 3.959429264068603516e+00 4.300906181335449219e+00
5.610000000000000000e+02 3.959033489227294922e+00 4.296643257141113281e+00
5.700000000000000000e+02 3.958196163177490234e+00 4.291918754577636719e+00
5.790000000000000000e+02 3.958189487457275391e+00 4.287429332733154297e+00
5.880000000000000000e+02 3.957421541213989258e+00 4.283040523529052734e+00
5.970000000000000000e+02 3.957410812377929688e+00 4.278787612915039062e+00
6.060000000000000000e+02 3.956703424453735352e+00 4.274674892425537109e+00
6.160000000000000000e+02 3.956330776214599609e+00 4.270262241363525391e+00
6.250000000000000000e+02 3.956314086914062500e+00 4.266439437866210938e+00
6.350000000000000000e+02 3.955954551696777344e+00 4.262314319610595703e+00
6.450000000000000000e+02 3.955607652664184570e+00 4.258339881896972656e+00
6.550000000000000000e+02 3.955277204513549805e+00 4.254482746124267578e+00
6.650000000000000000e+02 3.954959630966186523e+00 4.250729560852050781e+00
6.760000000000000000e+02 3.954392910003662109e+00 4.246961593627929688e+00
6.860000000000000000e+02 3.954115867614746094e+00 4.243660926818847656e+00
6.970000000000000000e+02 3.954033851623535156e+00 4.240328788757324219e+00
7.080000000000000000e+02 3.953546524047851562e+00 4.237117767333984375e+00
7.190000000000000000e+02 3.953465461730957031e+00 4.233990669250488281e+00
7.300000000000000000e+02 3.953025579452514648e+00 4.230920314788818359e+00
7.420000000000000000e+02 3.952762126922607422e+00 4.227660655975341797e+00
7.530000000000000000e+02 3.952690362930297852e+00 4.224773406982421875e+00
7.650000000000000000e+02 3.952440500259399414e+00 4.221746921539306641e+00
7.770000000000000000e+02 3.952205419540405273e+00 4.218782901763916016e+00
7.890000000000000000e+02 3.951982021331787109e+00 4.215901851654052734e+00
8.010000000000000000e+02 3.951770305633544922e+00 4.213111877441406250e+00
8.140000000000000000e+02 3.951440095901489258e+00 4.210215568542480469e+00
8.270000000000000000e+02 3.951346397399902344e+00 4.207409858703613281e+00
8.390000000000000000e+02 3.951167106628417969e+00 4.204855442047119141e+00
8.530000000000000000e+02 3.950968742370605469e+00 4.202007770538330078e+00
8.660000000000000000e+02 3.950712203979492188e+00 4.199430465698242188e+00
8.790000000000000000e+02 3.950630426406860352e+00 4.196962833404541016e+00
8.930000000000000000e+02 3.950462579727172852e+00 4.194380283355712891e+00
9.070000000000000000e+02 3.950303554534912109e+00 4.191881179809570312e+00
9.210000000000000000e+02 3.950153827667236328e+00 4.189437389373779297e+00
9.360000000000000000e+02 3.949946641921997070e+00 4.186884880065917969e+00
9.500000000000000000e+02 3.949818372726440430e+00 4.184617042541503906e+00
9.650000000000000000e+02 3.949736118316650391e+00 4.182226181030273438e+00
9.800000000000000000e+02 3.949566602706909180e+00 4.179934501647949219e+00
9.950000000000000000e+02 3.949492216110229492e+00 4.177689075469970703e+00
1.011000000000000000e+03 3.949374437332153320e+00 4.175349712371826172e+00
1.027000000000000000e+03 3.949264287948608398e+00 4.173095703125000000e+00
1.043000000000000000e+03 3.949161767959594727e+00 4.170923233032226562e+00
1.059000000000000000e+03 3.949064970016479492e+00 4.168831825256347656e+00
1.075000000000000000e+03 3.948976039886474609e+00 4.166840553283691406e+00
1.092000000000000000e+03 3.948863506317138672e+00 4.164734363555908203e+00
1.109000000000000000e+03 3.948804378509521484e+00 4.162690639495849609e+00
1.127000000000000000e+03 3.948722600936889648e+00 4.160630702972412109e+00
1.144000000000000000e+03 3.948633193969726562e+00 4.158739089965820312e+00
1.162000000000000000e+03 3.948564529418945312e+00 4.156827449798583984e+00
1.180000000000000000e+03 3.948500394821166992e+00 4.154938697814941406e+00
1.199000000000000000e+03 3.948452472686767578e+00 4.153003692626953125e+00
1.217000000000000000e+03 3.948396682739257812e+00 4.151247978210449219e+00
1.236000000000000000e+03 3.948328495025634766e+00 4.149444103240966797e+00
1.256000000000000000e+03 3.948276281356811523e+00 4.147615432739257812e+00
1.275000000000000000e+03 3.948242425918579102e+00 4.145939350128173828e+00
1.295000000000000000e+03 3.948197841644287109e+00 4.144300937652587891e+00
1.315000000000000000e+03 3.948156118392944336e+00 4.142911911010742188e+00
1.336000000000000000e+03 3.948107004165649414e+00 4.141509532928466797e+00
1.357000000000000000e+03 3.948079109191894531e+00 4.140180587768554688e+00
1.378000000000000000e+03 3.948037624359130859e+00 4.138894557952880859e+00
1.399000000000000000e+03 3.948014736175537109e+00 4.137651443481445312e+00
1.421000000000000000e+03 3.947985172271728516e+00 4.136407375335693359e+00
1.443000000000000000e+03 3.947957754135131836e+00 4.135172843933105469e+00
1.466000000000000000e+03 3.947927236557006836e+00 4.133938789367675781e+00
1.489000000000000000e+03 3.947907924652099609e+00 4.132738590240478516e+00
1.512000000000000000e+03 3.947882413864135742e+00 4.131590366363525391e+00
1.536000000000000000e+03 3.947862863540649414e+00 4.130441188812255859e+00
1.560000000000000000e+03 3.947844505310058594e+00 4.129366397857666016e+00
1.584000000000000000e+03 3.947828292846679688e+00 4.128289222717285156e+00
1.609000000000000000e+03 3.947815895080566406e+00 4.127213478088378906e+00
1.634000000000000000e+03 3.947798728942871094e+00 4.126185417175292969e+00
1.659000000000000000e+03 3.947789192199707031e+00 4.125178337097167969e+00
1.685000000000000000e+03 3.947776794433593750e+00 4.124174594879150391e+00
1.711000000000000000e+03 3.947766065597534180e+00 4.123189449310302734e+00
1.738000000000000000e+03 3.947753906250000000e+00 4.122190475463867188e+00
1.765000000000000000e+03 3.947747230529785156e+00 4.121217250823974609e+00
1.793000000000000000e+03 3.947738409042358398e+00 4.120221138000488281e+00
1.821000000000000000e+03 3.947730779647827148e+00 4.119245529174804688e+00
1.849000000000000000e+03 3.947723627090454102e+00 4.118293285369873047e+00
1.878000000000000000e+03 3.947716474533081055e+00 4.117338180541992188e+00
1.907000000000000000e+03 3.947711706161499023e+00 4.116429328918457031e+00
1.937000000000000000e+03 3.947706699371337891e+00 4.115509986877441406e+00
1.967000000000000000e+03 3.947702407836914062e+00 4.114607334136962891e+00
1.998000000000000000e+03 3.947696924209594727e+00 4.113699436187744141e+00
2.029000000000000000e+03 3.947694063186645508e+00 4.112834453582763672e+00
2.061000000000000000e+03 3.947690963745117188e+00 4.111947059631347656e+00
2.093000000000000000e+03 3.947688341140747070e+00 4.111089706420898438e+00
2.126000000000000000e+03 3.947686433792114258e+00 4.110231876373291016e+00
2.159000000000000000e+03 3.947685480117797852e+00 4.109411716461181641e+00
2.192000000000000000e+03 3.947683334350585938e+00 4.108618259429931641e+00
2.227000000000000000e+03 3.947682380676269531e+00 4.107815265655517578e+00
2.261000000000000000e+03 3.947681188583374023e+00 4.107064723968505859e+00
2.297000000000000000e+03 3.947680711746215820e+00 4.106297492980957031e+00
2.333000000000000000e+03 3.947679519653320312e+00 4.105573654174804688e+00
2.369000000000000000e+03 3.947678804397583008e+00 4.104919433593750000e+00
2.406000000000000000e+03 3.947678804397583008e+00 4.104266166687011719e+00
2.443000000000000000e+03 3.947678565979003906e+00 4.103644371032714844e+00
2.482000000000000000e+03 3.947677850723266602e+00 4.103024959564208984e+00
2.520000000000000000e+03 3.947677612304687500e+00 4.102431774139404297e+00
2.560000000000000000e+03 3.947677373886108398e+00 4.101828575134277344e+00
2.600000000000000000e+03 3.947676420211791992e+00 4.101256370544433594e+00
2.640000000000000000e+03 3.947676658630371094e+00 4.100715160369873047e+00
2.681000000000000000e+03 3.947676420211791992e+00 4.100189685821533203e+00
2.723000000000000000e+03 3.947676420211791992e+00 4.099679946899414062e+00
2.766000000000000000e+03 3.947676420211791992e+00 4.099181652069091797e+00
2.809000000000000000e+03 3.947676181793212891e+00 4.098705291748046875e+00
2.853000000000000000e+03 3.947675704956054688e+00 4.098241806030273438e+00
2.897000000000000000e+03 3.947675704956054688e+00 4.097810745239257812e+00
2.942000000000000000e+03 3.947676181793212891e+00 4.097388744354248047e+00
2.988000000000000000e+03 3.947675466537475586e+00 4.096982955932617188e+00
3.035000000000000000e+03 3.947675704956054688e+00 4.096591949462890625e+00
3.082000000000000000e+03 3.947675704956054688e+00 4.096213817596435547e+00
3.130000000000000000e+03 3.947675704956054688e+00 4.095841884613037109e+00
3.179000000000000000e+03 3.947675466537475586e+00 4.095479011535644531e+00
3.229000000000000000e+03 3.947675466537475586e+00 4.095126152038574219e+00
3.279000000000000000e+03 3.947675466537475586e+00 4.094795227050781250e+00
3.330000000000000000e+03 3.947675466537475586e+00 4.094473361968994141e+00
3.382000000000000000e+03 3.947675228118896484e+00 4.094162464141845703e+00
3.435000000000000000e+03 3.947675466537475586e+00 4.093859672546386719e+00
3.489000000000000000e+03 3.947675228118896484e+00 4.093567371368408203e+00
3.543000000000000000e+03 3.947675228118896484e+00 4.093289375305175781e+00
3.598000000000000000e+03 3.947675228118896484e+00 4.093022346496582031e+00
3.654000000000000000e+03 3.947675704956054688e+00 4.092760562896728516e+00
3.711000000000000000e+03 3.947674751281738281e+00 4.092497825622558594e+00
3.769000000000000000e+03 3.947675466537475586e+00 4.092243194580078125e+00
3.828000000000000000e+03 3.947675466537475586e+00 4.091994762420654297e+00
3.888000000000000000e+03 3.947675466537475586e+00 4.091760158538818359e+00
3.948000000000000000e+03 3.947675466537475586e+00 4.091534614562988281e+00
4.010000000000000000e+03 3.947675228118896484e+00 4.091316223144531250e+00
4.073000000000000000e+03 3.947674751281738281e+00 4.091108322143554688e+00
4.136000000000000000e+03 3.947674751281738281e+00 4.090913772583007812e+00
4.201000000000000000e+03 3.947674751281738281e+00 4.090726852416992188e+00
4.266000000000000000e+03 3.947675466537475586e+00 4.090551376342773438e+00
4.333000000000000000e+03 3.947674751281738281e+00 4.090382575988769531e+00
4.400000000000000000e+03 3.947675466537475586e+00 4.090223789215087891e+00
4.469000000000000000e+03 3.947674751281738281e+00 4.090071201324462891e+00
4.539000000000000000e+03 3.947675466537475586e+00 4.089929103851318359e+00
4.610000000000000000e+03 3.947674751281738281e+00 4.089793205261230469e+00
4.682000000000000000e+03 3.947675228118896484e+00 4.089665412902832031e+00
4.755000000000000000e+03 3.947674751281738281e+00 4.089546680450439453e+00
4.829000000000000000e+03 3.947674751281738281e+00 4.089434623718261719e+00
4.904000000000000000e+03 3.947674751281738281e+00 4.089328765869140625e+00
4.981000000000000000e+03 3.947674751281738281e+00 4.089227676391601562e+00
5.058000000000000000e+03 3.947674751281738281e+00 4.089134216308593750e+00
5.137000000000000000e+03 3.947675704956054688e+00 4.089045524597167969e+00
5.217000000000000000e+03 3.947675466537475586e+00 4.088962554931640625e+00
5.299000000000000000e+03 3.947675228118896484e+00 4.088884353637695312e+00
5.381000000000000000e+03 3.947674751281738281e+00 4.088811874389648438e+00
5.465000000000000000e+03 3.947675228118896484e+00 4.088743209838867188e+00
5.551000000000000000e+03 3.947675228118896484e+00 4.088678359985351562e+00
5.637000000000000000e+03 3.947674751281738281e+00 4.088620185852050781e+00
5.725000000000000000e+03 3.947675228118896484e+00 4.088564395904541016e+00
5.814000000000000000e+03 3.947675466537475586e+00 4.088513374328613281e+00
5.905000000000000000e+03 3.947674751281738281e+00 4.088464736938476562e+00
5.997000000000000000e+03 3.947674751281738281e+00 4.088420867919921875e+00
6.091000000000000000e+03 3.947674751281738281e+00 4.088379383087158203e+00
6.186000000000000000e+03 3.947674751281738281e+00 4.088341236114501953e+00
6.282000000000000000e+03 3.947674751281738281e+00 4.088305473327636719e+00
6.380000000000000000e+03 3.947674751281738281e+00 4.088272094726562500e+00
6.480000000000000000e+03 3.947674751281738281e+00 4.088241100311279297e+00
6.581000000000000000e+03 3.947674751281738281e+00 4.088213443756103516e+00
6.684000000000000000e+03 3.947674751281738281e+00 4.088187217712402344e+00
6.788000000000000000e+03 3.947674751281738281e+00 4.088163375854492188e+00
6.894000000000000000e+03 3.947674751281738281e+00 4.088141441345214844e+00
7.001000000000000000e+03 3.947674751281738281e+00 4.088121414184570312e+00
7.111000000000000000e+03 3.947675228118896484e+00 4.088104248046875000e+00
7.222000000000000000e+03 3.947674751281738281e+00 4.088088512420654297e+00
7.334000000000000000e+03 3.947674751281738281e+00 4.088074207305908203e+00
7.449000000000000000e+03 3.947674751281738281e+00 4.088060855865478516e+00
7.565000000000000000e+03 3.947674751281738281e+00 4.088049888610839844e+00
7.683000000000000000e+03 3.947674751281738281e+00 4.088038921356201172e+00
7.803000000000000000e+03 3.947675228118896484e+00 4.088028907775878906e+00
7.924000000000000000e+03 3.947674751281738281e+00 4.088020324707031250e+00
8.048000000000000000e+03 3.947674751281738281e+00 4.088012695312500000e+00
8.174000000000000000e+03 3.947674751281738281e+00 4.088006496429443359e+00
8.301000000000000000e+03 3.947674751281738281e+00 4.088000297546386719e+00
8.431000000000000000e+03 3.947674751281738281e+00 4.087995529174804688e+00
8.562000000000000000e+03 3.947674751281738281e+00 4.087991714477539062e+00
8.696000000000000000e+03 3.947674751281738281e+00 4.087989807128906250e+00
8.831000000000000000e+03 3.947674751281738281e+00 4.087987899780273438e+00
8.969000000000000000e+03 3.947675228118896484e+00 4.087986469268798828e+00
9.109000000000000000e+03 3.947674751281738281e+00 4.087985038757324219e+00
9.251000000000000000e+03 3.947674751281738281e+00 4.087984085083007812e+00
9.395000000000000000e+03 3.947674751281738281e+00 4.087984085083007812e+00
9.542000000000000000e+03 3.947674751281738281e+00 4.087984085083007812e+00
9.691000000000000000e+03 3.947674751281738281e+00 4.087983608245849609e+00
9.842000000000000000e+03 3.947674751281738281e+00 4.087983608245849609e+00
9.996000000000000000e+03 3.947674751281738281e+00 4.087983608245849609e+00
1.015200000000000000e+04 3.947674751281738281e+00 4.087983608245849609e+00
1.031000000000000000e+04 3.947674751281738281e+00 4.087983131408691406e+00
1.047100000000000000e+04 3.947674751281738281e+00 4.087983608245849609e+00
1.063400000000000000e+04 3.947674751281738281e+00 4.087982654571533203e+00
1.080000000000000000e+04 3.947675466537475586e+00 4.087982654571533203e+00
1.096800000000000000e+04 3.947674751281738281e+00 4.087982654571533203e+00
1.114000000000000000e+04 3.947674751281738281e+00 4.087982177734375000e+00
1.131300000000000000e+04 3.947674751281738281e+00 4.087982654571533203e+00
1.149000000000000000e+04 3.947674512863159180e+00 4.087982177734375000e+00
1.166900000000000000e+04 3.947674751281738281e+00 4.087981700897216797e+00
1.185100000000000000e+04 3.947675228118896484e+00 4.087981700897216797e+00
1.203600000000000000e+04 3.947674751281738281e+00 4.087981224060058594e+00
1.222400000000000000e+04 3.947674751281738281e+00 4.087981224060058594e+00
1.241400000000000000e+04 3.947675228118896484e+00 4.087980747222900391e+00
1.260800000000000000e+04 3.947674751281738281e+00 4.087980747222900391e+00
1.280500000000000000e+04 3.947675228118896484e+00 4.087980270385742188e+00
1.300500000000000000e+04 3.947675228118896484e+00 4.087979793548583984e+00
1.320700000000000000e+04 3.947675228118896484e+00 4.087979793548583984e+00
1.341300000000000000e+04 3.947675466537475586e+00 4.087979316711425781e+00
1.362300000000000000e+04 3.947675228118896484e+00 4.087979316711425781e+00
1.383500000000000000e+04 3.947675228118896484e+00 4.087979793548583984e+00
1.405100000000000000e+04 3.947675228118896484e+00 4.087979316711425781e+00
1.427000000000000000e+04 3.947675228118896484e+00 4.087978839874267578e+00
1.449300000000000000e+04 3.947675228118896484e+00 4.087979316711425781e+00
1.471900000000000000e+04 3.947675228118896484e+00 4.087979316711425781e+00
1.494900000000000000e+04 3.947674751281738281e+00 4.087978839874267578e+00
1.518200000000000000e+04 3.947674751281738281e+00 4.087978839874267578e+00
1.541900000000000000e+04 3.947674751281738281e+00 4.087978363037109375e+00
1.565900000000000000e+04 3.947674751281738281e+00 4.087978363037109375e+00
1.590300000000000000e+04 3.947675228118896484e+00 4.087978363037109375e+00
1.615100000000000000e+04 3.947674751281738281e+00 4.087978363037109375e+00
1.640300000000000000e+04 3.947674274444580078e+00 4.087978363037109375e+00
1.665900000000000000e+04 3.947674751281738281e+00 4.087978363037109375e+00
1.691900000000000000e+04 3.947674512863159180e+00 4.087978363037109375e+00
1.718300000000000000e+04 3.947674751281738281e+00 4.087978363037109375e+00
1.745100000000000000e+04 3.947674751281738281e+00 4.087978363037109375e+00
1.772300000000000000e+04 3.947674751281738281e+00 4.087978363037109375e+00
1.800000000000000000e+04 3.947674751281738281e+00 4.087977886199951172e+00
1.828100000000000000e+04 3.947674751281738281e+00 4.087978363037109375e+00
1.856600000000000000e+04 3.947674751281738281e+00 4.087977886199951172e+00
1.885600000000000000e+04 3.947674751281738281e+00 4.087977409362792969e+00
1.915000000000000000e+04 3.947674512863159180e+00 4.087977886199951172e+00
1.944800000000000000e+04 3.947674751281738281e+00 4.087977409362792969e+00
1.975200000000000000e+04 3.947675228118896484e+00 4.087977886199951172e+00
2.006000000000000000e+04 3.947674274444580078e+00 4.087977886199951172e+00
2.037300000000000000e+04 3.947674512863159180e+00 4.087978363037109375e+00
2.069100000000000000e+04 3.947674751281738281e+00 4.087977886199951172e+00
2.101300000000000000e+04 3.947674751281738281e+00 4.087977886199951172e+00
2.134100000000000000e+04 3.947674751281738281e+00 4.087977886199951172e+00
2.167400000000000000e+04 3.947674751281738281e+00 4.087978363037109375e+00
2.201200000000000000e+04 3.947675228118896484e+00 4.087977409362792969e+00
2.235600000000000000e+04 3.947674751281738281e+00 4.087977886199951172e+00
2.270400000000000000e+04 3.947675228118896484e+00 4.087977409362792969e+00
2.305900000000000000e+04 3.947675228118896484e+00 4.087977409362792969e+00
2.341800000000000000e+04 3.947675228118896484e+00 4.087978363037109375e+00
2.378400000000000000e+04 3.947674751281738281e+00 4.087977886199951172e+00
2.415500000000000000e+04 3.947675228118896484e+00 4.087977886199951172e+00
2.453100000000000000e+04 3.947675228118896484e+00 4.087977409362792969e+00
2.491400000000000000e+04 3.947675228118896484e+00 4.087977886199951172e+00
2.530300000000000000e+04 3.947675704956054688e+00 4.087978363037109375e+00
2.569700000000000000e+04 3.947675704956054688e+00 4.087978363037109375e+00
2.609800000000000000e+04 3.947675704956054688e+00 4.087978363037109375e+00
2.650500000000000000e+04 3.947675704956054688e+00 4.087977886199951172e+00
2.691900000000000000e+04 3.947675704956054688e+00 4.087978363037109375e+00
2.733900000000000000e+04 3.947675704956054688e+00 4.087978363037109375e+00
2.776500000000000000e+04 3.947675466537475586e+00 4.087978363037109375e+00
2.819800000000000000e+04 3.947675466537475586e+00 4.087978363037109375e+00
2.863800000000000000e+04 3.947675466537475586e+00 4.087978363037109375e+00
2.908500000000000000e+04 3.947675704956054688e+00 4.087978363037109375e+00
2.953900000000000000e+04 3.947675704956054688e+00 4.087978839874267578e+00
3.000000000000000000e+04 3.947675704956054688e+00 4.087978363037109375e+00
3.046800000000000000e+04 3.947676181793212891e+00 4.087978363037109375e+00
3.094300000000000000e+04 3.947675704956054688e+00 4.087978839874267578e+00
3.142600000000000000e+04 3.947676181793212891e+00 4.087978363037109375e+00
3.191600000000000000e+04 3.947676181793212891e+00 4.087977886199951172e+00
3.241400000000000000e+04 3.947676420211791992e+00 4.087978363037109375e+00
3.291900000000000000e+04 3.947675704956054688e+00 4.087977886199951172e+00
3.343300000000000000e+04 3.947675704956054688e+00 4.087977886199951172e+00
3.395400000000000000e+04 3.947676181793212891e+00 4.087978363037109375e+00
3.448400000000000000e+04 3.947675704956054688e+00 4.087978839874267578e+00
3.502200000000000000e+04 3.947675704956054688e+00 4.087977886199951172e+00
3.556800000000000000e+04 3.947676181793212891e+00 4.087978839874267578e+00
3.612300000000000000e+04 3.947675704956054688e+00 4.087978363037109375e+00
3.668700000000000000e+04 3.947675704956054688e+00 4.087978363037109375e+00
3.725900000000000000e+04 3.947676181793212891e+00 4.087978839874267578e+00
3.784000000000000000e+04 3.947675704956054688e+00 4.087978363037109375e+00
3.843000000000000000e+04 3.947675704956054688e+00 4.087978363037109375e+00
3.903000000000000000e+04 3.947675704956054688e+00 4.087978363037109375e+00
3.963900000000000000e+04 3.947675704956054688e+00 4.087978363037109375e+00
4.025700000000000000e+04 3.947675704956054688e+00 4.087978363037109375e+00
4.088500000000000000e+04 3.947675704956054688e+00 4.087978363037109375e+00
4.152300000000000000e+04 3.947675704956054688e+00 4.087978363037109375e+00
4.217100000000000000e+04 3.947675704956054688e+00 4.087978363037109375e+00
4.282800000000000000e+04 3.947675704956054688e+00 4.087978839874267578e+00
4.349700000000000000e+04 3.947675704956054688e+00 4.087978363037109375e+00
4.417500000000000000e+04 3.947675466537475586e+00 4.087978839874267578e+00
4.486400000000000000e+04 3.947675704956054688e+00 4.087978839874267578e+00
4.556400000000000000e+04 3.947675466537475586e+00 4.087979316711425781e+00
4.627500000000000000e+04 3.947675704956054688e+00 4.087978839874267578e+00
4.699700000000000000e+04 3.947675466537475586e+00 4.087978839874267578e+00
4.773000000000000000e+04 3.947675704956054688e+00 4.087978839874267578e+00
4.847400000000000000e+04 3.947675228118896484e+00 4.087978839874267578e+00
4.923100000000000000e+04 3.947675704956054688e+00 4.087979316711425781e+00
4.999900000000000000e+04 3.947675704956054688e+00 4.087978839874267578e+00
